# Ni2+ 3d8 Hartree-Fock radial functions P_nl(r)=r*R_nl(r); columns: r(Bohr) 1s 2s 2p 3s 3p 3d; generated by MOAD.radial_wavefunction (Cowan RCN) via examples/gen_nio_radial.jl
1.000000013351432e-10	0.0	0.0	0.0	0.0	0.0	0.0
0.0007288946289508444	0.22782453418761062	0.0706936376207031	0.00036452385847114184	0.026506651653625538	0.00013463312256793903	8.700803904903581e-8
0.0014577892579016889	0.4376804838871049	0.13576890686748178	0.001429066725321433	0.05090469489367904	0.0005278021562063438	6.87287461798949e-7
0.0021866838868525333	0.6373514506179707	0.19761668466135246	0.003164798899489845	0.07408956365309882	0.0011688313457110032	2.2961664133838323e-6
0.0029155785158033777	0.8275521596136404	0.2564428448920635	0.0055470147001760355	0.09613772918549042	0.0020485624705343115	5.3931799018820325e-6
0.003644473144754222	1.00883886341852	0.31240600393935447	0.008552874929562844	0.117108027801302	0.003158518705269613	1.04433485673856e-5
0.0043733677737050666	1.1816938303289315	0.36564268037115466	0.012160733349328615	0.13705104947711258	0.004490656481063526	1.789788753923582e-5
0.005102262402655911	1.3465264060815545	0.4162676607379973	0.016349849364382905	0.15600927956573957	0.006037259257758604	2.819467588859044e-5
0.005831157031606755	1.5036951341751412	0.46438078474248523	0.02110024073242257	0.17401963904074091	0.007790883840167285	4.17587248735607e-5
0.0065600516605576	1.6535223836224044	0.5100714242274949	0.026392591335768604	0.1911151608234641	0.009744326809791499	5.900257818437181e-5
0.007288946289508444	1.796303484166307	0.5534213052814616	0.032208183299142455	0.2073260474997365	0.011890599482081382	8.032662840764464e-5
0.00801784091845929	1.9323126183950872	0.5945063146720643	0.038528849792230264	0.22268034770572842	0.014222910645266918	0.00010611941157963835
0.008746735547410133	2.0618067805846803	0.633397681943156	0.04533694050204531	0.23720439709839342	0.01673465425285789	0.00013675793351697422
0.009475630176360977	2.185028544531579	0.6701627990257135	0.05261529360009022	0.2509231238224826	0.01941939944242415	0.0001726079731464782
0.01020452480531182	2.3022080719196065	0.7048658270925459	0.06034721084117163	0.2638602754693118	0.02227088147050809	0.00021402433329971557
0.010933419434262664	2.413564619482193	0.7375681440737148	0.06851643739783293	0.2760385860637876	0.025282994447448567	0.0002613510850044157
0.011662314063213507	2.519307699380974	0.7683286714788818	0.07710714437460943	0.28747989705285915	0.028449785213753062	0.00031492183844839667
0.012391208692164351	2.619637994961926	0.7972041284001045	0.08610391315436568	0.2982052511580596	0.031765447859261185	0.0003750600009369189
0.013120103321115194	2.714748101774605	0.8242492446476806	0.09549172105579044	0.30823497164087976	0.03522431858049617	0.0004420789960344207
0.013848997950066038	2.8048231405784665	0.849516932265836	0.10525592877363397	0.3175887258393522	0.038820871219769335	0.0005162824797869542
0.014577892579016882	2.890041271210748	0.8730584190093023	0.11538226823221295	0.32628557400725	0.042549713050209784	0.0005979645764710549
0.015306787207967725	2.9705741305584716	0.8949233600844125	0.1258568312529114	0.33434401009803083	0.04640558084140653	0.0006874101052588009
0.01603568183691857	3.0465872127042712	0.9151599401342281	0.13666605935334175	0.34178199934777	0.05038333724647098	0.0007848947774825065
0.016764576465869412	3.1182402032036127	0.9338149599361493	0.14779673439757604	0.34861701005151746	0.05447796751538041	0.000890685392040522
0.017493471094820256	3.185687274584501	0.9509339070427185	0.15923596893020991	0.35486603906310243	0.05868457615200207	0.0010050400442846203
0.0182223657237711	3.2490773510517914	0.9665610181402955	0.1709711969879544	0.3605456342538444	0.06299838373394573	0.0011282083278984895
0.018951260352721943	3.3085543488552367	0.9807393389472709	0.18299016602711282	0.3656719163386647	0.06741472407763721	0.001260431514580065
0.019680154981672787	3.3642573956030484	0.9935107769648489	0.19528092931345614	0.37026059797435695	0.07192904158062866	0.0014019427321447708
0.02040904961062363	3.4163210304762965	1.0049161462014238	0.20783183774810027	0.37432699970094224	0.0765368883956089	0.0015529671513699428
0.021137944239574474	3.4648753893720716	1.0149952082160074	0.2206315320239427	0.3778860645520804	0.08123392171655547	0.0017137221671374376
0.021866838868525317	3.510046377882801	1.0237867125332023	0.23366893586021942	0.3809523726138013	0.08601590141550461	0.0018844175630272231
0.02259573349747616	3.5519558325391642	1.0313284330556576	0.24693324950897344	0.3835401540506705	0.09087868778330307	0.0020652556743387647
0.023324628126427004	3.590721670839823	1.0376572000613176	0.260413942638638	0.38566330039706986	0.09581823906661155	0.0022564315562498523
0.024053522755377848	3.6264580328119402	1.0428089304007848	0.2741007474692185	0.3873353752140426	0.10083060909012465	0.0024581331471907435
0.02478241738432869	3.6592754156460146	1.0468186574432576	0.28798365291389655	0.38856962476670476	0.10591194521639374	0.0026705414200926623
0.025511312013279535	3.689280800736255	1.0497205584595997	0.3020528988898193	0.38937898771931706	0.1110584863700726	0.002893830531983957
0.02624020664223038	3.716577773223765	1.051547979447009	0.316298970028632	0.3897761038346525	0.11626656085707833	0.003128167976049829
0.026969101271181222	3.7412666362483935	1.052333459023873	0.3307125895891911	0.38977332235925033	0.12153258425223262	0.003373714729596111
0.027697995900132066	3.763444520832703	1.0521087520604513	0.3452847142837129	0.3893827103788976	0.12685305760000803	0.0036306253933185897
0.02842689052908291	3.78320549029851	1.0509048515037596	0.3600065292144871	0.38861606048273156	0.13222456565711393	0.003899048328828739
0.029155785158033753	3.8006406446893877	1.0487520107529258	0.3748694422677777	0.387484898636499	0.13764377494405505	0.004179125796710283
0.030613574415935443	3.8288838256572877	1.0417170052587887	0.40498527594565975	0.3841738750154994	0.1486123608836497	0.004774783668615291
0.03207136367383713	3.8488469565925083	1.0312316428940411	0.4355677379366812	0.37953674769750434	0.15973371460485247	0.0054186200741009405
0.03352915293173882	3.861161159435869	1.017513151385081	0.4665556108500332	0.3736567610840511	0.17098393767469544	0.0061115666614293945
0.034986942189640505	3.866418350088858	1.000768611757751	0.4978907832169821	0.36661348168215985	0.18234028028930632	0.006854469556176987
0.03644473144754219	3.865173604810863	0.9811954517952552	0.5295181032693019	0.3584829702281893	0.1937810901807794	0.007648093070564528
0.03790252070544388	3.857947387899091	0.958981909247469	0.5613852570542303	0.34933794323280554	0.20528577014583022	0.008493123240460468
0.039360309963345566	3.845227621218636	0.9343074556782112	0.5934426493463216	0.3392479200190766	0.2168347366016613	0.009390171243615493
0.04081809922124725	3.827471598488333	0.9073431993616947	0.6256432779988575	0.328279363026301	0.22840937545344614	0.010339776672914794
0.04227588847914894	3.805107785549758	0.8782522703789402	0.6579426145898027	0.316495812254996	0.2399920001038529	0.011342410660418275
0.04373367773705063	3.778537526902257	0.8471901794937291	0.6902985031510257	0.30395801006538303	0.25156581603153094	0.012398478910130652
0.045191466994952315	3.7481366393824382	0.8143051520200575	0.722671060914423	0.29072401697381334	0.2631148860936436	0.01350832461645261
0.046649256252854	3.714256893760205	0.779738450370922	0.7550225752300171	0.27684932428954656	0.2746240940265573	0.014672231241007295
0.04810704551075569	3.6772274135216243	0.7436246840784064	0.7873174053276932	0.26238696267646283	0.2860791096003261	0.015890425168093816
0.049564834768657376	3.637356004963511	0.7060920977295198	0.819521897263388	0.24738760239652058	0.29746635870949756	0.017163078311452307
0.05102262402655906	3.5949304031345273	0.6672628417166924	0.851604300608938	0.2318996475020701	0.30877299407873765	0.018490310616172453
0.05248041328446075	3.5502194338052435	0.6272532358406055	0.8835346832058131	0.21596932830332338	0.3199868647946372	0.019872192431414765
0.05393820254236244	3.5034741123902315	0.5861740232914772	0.915284849720801	0.19964079070969376	0.33109648714157147	0.02130874678248995
0.055395991800264124	3.454928690223565	0.54413060653915	0.9468282697484385	0.18295617867927638	0.3420910191510615	0.022799951615218375
0.05685378105816581	3.404801636642526	0.5012232707333169	0.9781400075499059	0.16595571234871814	0.3529602357204241	0.024345741947505953
0.0583115703160675	3.3532965568888473	0.4575474019165442	1.0091966510529458	0.14867776503058594	0.3636945029670012	0.02594601190569456
0.059769359573969186	3.3006030607377412	0.41319369745907375	1.0399762438873006	0.1311589376678987	0.3742847536299285	0.027600616676173202
0.06122714883187087	3.2468975897428063	0.36824836190656096	1.070458224362607	0.11343412769584671	0.3847224653018835	0.02930937443954859
0.06268493808977256	3.192344194851446	0.3227932933628769	1.1006233660111049	0.09553659466999376	0.39499963919893066	0.03107206822486833
0.06414272734767425	3.137095264367379	0.27690626573900523	1.1304537180804313	0.07749802502634341	0.40510877841648874	0.032888447660355535
0.06560051660557593	3.0812922128333913	0.23066110452362115	1.159932548487402	0.05934859469313036	0.4150428670411565	0.03475823065195717
0.06705830586347762	3.0250661369034333	0.1841278508418784	1.1890442918979003	0.04111702716248232	0.424795351466683	0.03668110505059917
0.06851609512137931	2.968538432494462	0.1373729180990664	1.217774499290786	0.02283064894772196	0.4343601222145822	0.03865673025187727
0.069973884379281	2.911821373223484	0.0904592451361137	1.246109787816322	0.004515255621614709	0.44373149538589074	0.0406847387003462
0.07143167363718268	2.8550186575919207	0.04344661899905286	1.2740377926779953	-0.013806010017545783	0.4529041948230029	0.04276473733183114
0.07288946289508437	2.7982259296048086	-0.0036075479229135143	1.3015471229003015	-0.03210670057998402	0.4618733360353112	0.04489630901017996
0.07434725215298606	2.7415312690105105	-0.05065734266491678	1.328627318461967	-0.05036564740809449	0.4706344105877418	0.047079013906849494
0.07580504141088774	2.685015651174425	-0.09765251673056591	1.3552688078627644	-0.06856187327207217	0.47918327020248064	0.049312390790025806
0.07726283066878943	2.6287533818515207	-0.1445395162085254	1.3814628673750395	-0.08667535756771338	0.4875161114578518	0.05159595826028167
0.07872061992669112	2.5728125104704493	-0.19127278453424001	1.4072015833380187	-0.10468713714044055	0.49562946193797885	0.0539292159871993
0.0801784091845928	2.517255219423494	-0.23780992865673256	1.432477815722038	-0.12257926576876385	0.5035201668048913	0.056311645899480484
0.08163619844249449	2.462138189497456	-0.28411101871842304	1.4572851621040794	-0.14033477408357012	0.5111853751240516	0.058742713284969834
0.08309398770039618	2.4075129451113297	-0.3301384823176363	1.4816179230573352	-0.15793763084297874	0.518622526697198	0.06122186784430414
0.08455177695829787	2.3534261821315874	-0.3758570050705772	1.5054710700109288	-0.1753727066985062	0.5258293401179908	0.06374854475348934
0.08600956621619955	2.2999200766734935	-0.42123343516895834	1.5288402142554545	-0.1926257393107446	0.5328038012045411	0.06632216568815295
0.08746735547410124	2.247032575803203	-0.46623668981355393	1.55172157629037	-0.20968329880258849	0.5395441512104597	0.06894213975664881
0.09038293398990462	2.1432456762567167	-0.5550091460560752	1.596008706733091	-0.24316224138033765	0.5523166927324094	0.07431872621051014
0.09329851250570799	2.0422944937607292	-0.6419637881293545	1.6383133282834565	-0.2757175214441135	0.5641375886867246	0.07987335916192179
0.09621409102151136	1.9443563859558561	-0.7269178178447175	1.6786243269419654	-0.30726847860350426	0.5750008925655253	0.08560094877516397
0.09912966953731474	1.849563802921956	-0.8097138242983479	1.7169378206892438	-0.337744904410262	0.5849037793142756	0.09149628392463557
0.10204524805311811	1.7580102760684349	-0.8902175654565704	1.7532564323109412	-0.3670862050478659	0.5938462591730767	0.09755405367518974
0.10496082656892149	1.6697557547290278	-0.9683159632811252	1.7875886434669184	-0.3952406461361427	0.6018309283470384	0.10376886893884413
0.10787640508472486	1.5848313262125486	-1.043915248655626	1.8199481988424646	-0.4221646488490201	0.6088627357245127	0.11013528272952627
0.11079198360052823	1.503243387909581	-1.1169392146879913	1.8503535344495736	-0.4478221174377094	0.6149487531445252	0.1166478062705935
0.11370756211633161	1.4249773367996137	-1.1873276036869014	1.8788272508342212	-0.47218381446240476	0.620097962638914	0.12330092356860992
0.11662314063213498	1.3500008345866927	-1.255034652108499	1.9053956503185652	-0.49522679803660596	0.6243210718784149	0.13008910699206078
0.11953871914793836	1.2782666806490703	-1.320027745049154	1.9300883115530165	-0.5169338970077629	0.6276303414808443	0.1370068318404722
0.12245429766374173	1.2097153403410095	-1.3822861474165968	1.952937677112747	-0.5372932089669802	0.6300394150262748	0.14404858680052787
0.12536987617954512	1.1442771657017692	-1.4417998336555846	1.9739786745633308	-0.5562976342244553	0.6315631619958337	0.1512088832833133
0.1282854546953485	1.081874341672151	-1.4985684361247242	1.9932483892714705	-0.5739444569948656	0.6322175421109278	0.15848226645352964
0.13120103321115187	1.0224225848424213	-1.5526002735738857	2.0107857643777556	-0.5902349546530208	0.6320194783524604	0.16586332548693647
0.13411661172695524	0.965832627662436	-1.6039114343419163	2.026631306605584	-0.6051740232431115	0.6309867325072998	0.17334669983933854
0.13703219024275862	0.9120115089700347	-1.6525249324257874	2.040826817037065	-0.6187698237736814	0.6291377905445548	0.1809270847153207
0.139947768758562	0.860863688841593	-1.698469952964109	2.053415163834053	-0.6310334996646293	0.6264917638232642	0.18859923872004553
0.14286334727436537	0.8122920094002029	-1.7417811561811702	2.064440074395543	-0.6419788590350433	0.62306829665181	0.19635799088479722
0.14577892579016874	0.7661985242167433	-1.782498020754245	2.073945928933608	-0.6516221062440712	0.6188874764743997	0.2041982439220723
0.14869450430597211	0.7224852078277593	-1.8206642395440777	2.0819775726117604	-0.6599815876292711	0.613969751498662	0.2121149769211022
0.1516100828217755	0.6810545545527611	-1.8563271732993898	2.088580161430685	-0.6670775626069048	0.6083358596237444	0.2201032505152652
0.15452566133757886	0.6418100833065064	-1.8895373970012634	2.0937990218290055	-0.6729319902092468	0.602006762049713	0.22815821151742058
0.15744123985338224	0.6046567637792587	-1.9203481959096305	2.097679509157444	-0.6775683269354353	0.5950035796577251	0.23627509407592667
0.1603568183691856	0.5695013701543117	-1.9488151514601004	2.100266879870506	-0.6810113402424244	0.5873475349854643	0.24444922044937345
0.16327239688498899	0.5362527665782447	-1.9749957679296442	2.1016061905610184	-0.6832869411602421	0.5790599019119533	0.2526760043638928
0.16618797540079236	0.5048221368746444	-1.9989491284523013	2.1017422065505316	-0.6844220284066124	0.5701619588322054	0.26095095390593104
0.16910355391659573	0.4751231687866409	-2.0207355719620397	2.100719308006495	-0.6844443420266186	0.5606749446745003	0.2692696712721176
0.1720191324323991	0.4470721958846252	-2.040416399370985	2.0985814061162458	-0.6833823288576913	0.5506200190931219	0.27762785226719605
0.17493471094820248	0.4205882986910825	-2.058053616420422	2.095371880357354	-0.6812650214255614	0.5400182276196872	0.2860212883553367
0.17785028946400586	0.39559337411169754	-2.0737096988300516	2.091133522338222	-0.6781219254395958	0.5288904694504428	0.29444586830142605
0.18076586797980923	0.37201217993118035	-2.087447372759438	2.085908476554986	-0.6739829153904653	0.5172574680386934	0.30289757702439757
0.1836814464956126	0.3497723558312818	-2.099329416664448	2.079738188450602	-0.6688781390662801	0.5051397447783059	0.31137249429048486
0.18659702501141598	0.3288044211521961	-2.109418489803863	2.0726633688719827	-0.6628379311779921	0.4925575956164935	0.31986679583161026
0.18951260352721935	0.30904175583998444	-2.1177769767680354	2.064723962973976	-0.655892733440113	0.4795310696828238	0.3283767541020924
0.19242818204302273	0.2904205689236092	-2.1244668431677427	2.055959115862048	-0.6480730215464652	0.46607995058236024	0.33689873659911757
0.1953437605588261	0.27287985508356516	-2.12954950688456	2.0464071434757893	-0.6394092388520252	0.4522237399581469	0.345429204086947
0.19825933907462948	0.25636133894427715	-2.1330857284590037	2.036105516098782	-0.6299317359747117	0.43798164254577177	0.3539647110559294
0.20117491759043285	0.2408094115385121	-2.135135512910053	2.0250908448153875	-0.6196707152580103	0.4233725527860557	0.3625019058648876
0.20409049610623622	0.22617106178881125	-2.1357580195767527	2.0133988647696417	-0.6086561810626444	0.40841504388254224	0.37103752878009294
0.20992165313784297	0.19943574266190678	-2.132953147903562	1.9881214669755454	-0.5844853370370116	0.3775274011268294	0.38809146803932854
0.21575281016944972	0.17578019439525416	-2.1251247588403883	1.9605413349088865	-0.557653682016221	0.34546054799105363	0.4051022334739759
0.22158396720105647	0.1548658391783742	-2.1127090192329745	1.9309122042350253	-0.5283900491444323	0.3123506764094753	0.4220469553523421
0.22741512423266322	0.13638787752199194	-2.096123320688524	1.8994735006988996	-0.49691674732184166	0.2783282130356442	0.438904124868183
0.23324628126426997	0.12007260757615737	-2.0757654034545503	1.866450437994219	-0.46344888302622456	0.24351776111407092	0.4556535267667955
0.23907743829587672	0.10567477477371659	-2.052012887391327	1.8320543581671436	-0.4281938027029054	0.20803805272405007	0.47227622570750427
0.24490859532748346	0.09297503790370709	-2.0252230607719466	1.7964831136363753	-0.39135067550921593	0.1720019480805197	0.4887545400613652
0.25073975235909024	0.0817775724604449	-1.9957328590894745	1.75992140437328	-0.35311023407636083	0.13551649882271657	0.505071978411787
0.256570909390697	0.07190782067747312	-1.963859042288925	1.722541173217015	-0.3136546219184474	0.09868304314172216	0.5212131766509647
0.26240206642230374	0.06321038418267376	-1.9298985580848502	1.684502128565269	-0.27315728027427083	0.061597286632070786	0.537163875999253
0.2682332234539105	0.055547081293450554	-1.8941290179881842	1.645952270265862	-0.23178291413525695	0.02435126100765162	0.5529108926294293
0.27406438048551723	0.048795160841678564	-1.8568092386365582	1.6070283623181936	-0.18968754957773282	-0.01295177025263978	0.5684420609327561
0.279895537517124	0.04284566750505407	-1.8181798628918489	1.5678564228261678	-0.1470186450294724	-0.05023261714662001	0.5837461779353064
0.28572669454873073	0.037602071532595455	-1.7784640572326973	1.528552277833923	-0.10391520550346617	-0.08743497660767738	0.5988129784869592
0.2915578515803375	0.032980389651013756	-1.7378682454861185	1.4892221019134637	-0.06050794114359337	-0.12449113887244065	0.6136331043838444
0.29738900861194423	0.028910051065955338	-1.6965828429844994	1.4499629063849042	-0.016921195002165622	-0.16133632078827087	0.6281980547589165
0.303220165643551	0.025328247901524575	-1.6547830099258087	1.4108630245658937	0.026712952669256308	-0.19791029439692615	0.642500137773705
0.3090513226751577	0.022178789880934302	-1.6126294285277396	1.3720026269918486	0.07028643024746238	-0.2341572255193737	0.6565324451883037
0.3148824797067645	0.019411508927432396	-1.5702690784091282	1.3334542161698948	0.11371776131663434	-0.2700255044791381	0.6702888235665313
0.3207136367383712	0.016981694784020736	-1.5278359813040137	1.2952830747174844	0.15691623887126682	-0.30546756631224226	0.6837638311565672
0.32654479376997797	0.014849567703297841	-1.4854519359073899	1.2575477015094665	0.19979616769466074	-0.34043971124774625	0.6969526960271328
0.3323759508015847	0.012979790821978508	-1.4432272535437247	1.2203002599485224	0.24227843332357962	-0.37490194150709316	0.7098512916587996
0.33820710783319147	0.011341019976101978	-1.401261473152295	1.1835870040392102	0.284290234928918	-0.4088177962905145	0.7224561107698428
0.3440382648647982	0.009905488891361863	-1.3596440339587352	1.1474486646647641	0.325764806895492	-0.4421541821127831	0.7347642277984354
0.34986942189640496	0.008648630646450033	-1.318454925981515	1.111920820662531	0.3666411406909238	-0.4748812059454233	0.7467732625947822
0.3557005789280117	0.0075487345823025895	-1.2777653317732496	1.07703427267694	0.4068637228376178	-0.5069720218794685	0.758481357966643
0.36153173595961846	0.006586635126810751	-1.2376382407371271	1.042815395887571	0.4463822737064126	-0.5384026789977006	0.7698871563531915
0.3673628929912252	0.005745429868917571	-1.1981290193431031	1.0092864597564488	0.4851514825205605	-0.5691519678815252	0.7809897671874131
0.37319405002283196	0.005010225858439419	-1.1592859555986756	0.9764659323612614	0.5231307472462919	-0.5992012711345784	0.7917887354179448
0.3790252070544387	0.00436791239271195	-1.1211507917123433	0.9443687828080316	0.5602839304293349	-0.6285344252057077	0.8022840214164002
0.38485636408604545	0.003806957284088503	-1.083759228472308	0.913006764781434	0.5965791199548308	-0.6571375851614165	0.8124759805544809
0.3906875211176522	0.003317224299779767	-1.047141388836263	0.8823886733876987	0.6319883896663971	-0.6849990896857507	0.8223653349177291
0.39651867814925895	0.0028898103717058636	-1.0113222565630857	0.852520587824455	0.6664875670104297	-0.7121093305522672	0.8319531461212997
0.4023498351808657	0.0025169009365478743	-0.9763221028802929	0.8234061099495141	0.7000560160025101	-0.7384606318154046	0.8412407977631787
0.40818099221247245	0.002191641238944385	-0.9421568870333652	0.7950465867040427	0.7326764269650456	-0.7640471327575926	0.8502299778397482
0.4140121492440792	0.001908021883553694	-0.9088386215197586	0.7674413113091347	0.76433460769052	-0.7888646716987213	0.8589226544097212
0.41984330627568595	0.0016607774246465705	-0.8763757151281604	0.7405877121409187	0.7950192823593798	-0.8129106743005624	0.8673210522935344
0.4256744633072927	0.001445296738306594	-0.8447733050707495	0.7144815367085257	0.8247219049181262	-0.8361840504547546	0.875427638091169
0.43150562033889944	0.0012575437306844301	-0.8140335664789253	0.6891170222388606	0.8534364797240085	-0.8586850951402754	0.8832451053022332
0.4373367773705062	0.0010939872114678353	-0.7841559926425345	0.6644870496641674	0.8811593840904114	-0.8804153902600383	0.8907763536034797
0.4489990914337197	0.0008275757949237148	-0.7269734536142923	0.6173961146239427	0.9336265475301014	-0.9215759368170094	0.904992707289206
0.4606614054969332	0.000625669068690521	-0.6731775808096736	0.573130132105193	0.9821356699700137	-0.9597006560151229	0.9181033558126328
0.4723237195601467	0.00047276387386856254	-0.6226926345992492	0.5315969799165027	1.0267271613115883	-0.9948396789858467	0.9301373516309355
0.4839860336233602	0.0003570473938264357	-0.575421246339958	0.4926945175662661	1.0674651864431683	-1.0270558796356215	0.9411256258131472
0.4956483476865737	0.0002695296878878164	-0.5312495411388525	0.4563133961882624	1.1044337147142562	-1.056422685351735	0.9511005182690775
0.5073106617497872	0.00020337706794767364	-0.49005166054285976	0.42233952361432414	1.1377331323565592	-1.0830222053220808	0.9600955150674939
0.5189729758130007	0.0001534002943920254	-0.45169352606383684	0.3906561038953572	1.1674772054104063	-1.1069435547584185	0.9681449948899399
0.5306352898762142	0.00011566239906969628	-0.4160358797734889	0.36114529646395827	1.1937902586610194	-1.1282812829694868	0.9752838792351353
0.5422976039394277	8.717894456911282e-5	-0.38293680273182906	0.33368958524875797	1.2168047031942852	-1.147133979839159	0.9815473233766376
0.5539599180026412	6.56893510712845e-5	-0.3522538780518014	0.30817293006610785	1.2366589536925359	-1.1636031286833521	0.9869705642718036
0.5656222320658547	4.9482545737003383e-5	-0.32384591808541785	0.2844816771179352	1.2534956103811972	-1.177792099025294	0.991588774511281
0.5772845461290682	3.72641947627542e-5	-0.297574286627286	0.2625052602357023	1.267459790111429	-1.189805199937115	0.9954368437782868
0.5889468601922817	2.8055768260273068e-5	-0.2733039350455633	0.24213674124943976	1.278697684917	-1.1997468586224582	0.9985491897776871
0.6006091742554952	2.1117897899916516e-5	-0.2509042478576243	0.22327322583873968	1.287355412269826	-1.207720982847893	1.0009596860952268
0.6122714883187087	1.5892204920752286e-5	-0.23024965908420125	0.20581615436180994	1.293578023308007	-1.2138304155200852	1.0027015932391585
0.6239338023819222	1.195718378103373e-5	-0.21122005758263313	0.18967148594607183	1.2975086101479358	-1.2181764163117448	1.003807433331477
0.6355961164451357	8.994782691737247e-6	-0.19370105028881981	0.17474980189441777	1.2992875611497774	-1.220858226060864	1.0043088849550752
0.6472584305083492	6.7651081999945535e-6	-0.1775841362414263	0.16096634592709455	1.2990520047935714	-1.2219727640304985	1.0042367644021237
0.6589207445715627	5.087284730235622e-6	-0.16276677216763047	0.1482410068063848	1.2969353495150262	-1.2216143816996383	1.003621008020104
0.6705830586347762	3.824979738552213e-6	-0.1491523374900888	0.13649825211583247	1.2930668830956433	-1.2198746202840167	1.0024906089557815
0.6822453726979897	2.875465737902779e-6	-0.1366500384216885	0.12566702749947556	1.287571462250131	-1.2168420199916459	1.0008735670249522
0.6939076867612032	2.1613597804979075e-6	-0.12517478009684826	0.11568062967737898	1.2805693164880423	-1.2126020233062402	0.9987969027550607
0.7055700008244167	1.6243864091602506e-6	-0.1146469956639912	0.10647655829954807	1.272175906791845	-1.2072369102842653	0.9962866711014364
0.7172323148876302	1.2206703421792997e-6	-0.10499243380781176	0.09799634964205652	1.2625018162887516	-1.2008257229607733	0.993367936868008
0.7288946289508437	9.171856859840271e-7	-0.09614192764509594	0.09018540030652065	1.2516526922714895	-1.1934442202307682	0.990064758297178
0.7405569430140572	6.890786607947987e-7	-0.08803116099890954	0.08299278500784212	1.2397292529907435	-1.1851648986656553	0.9864002191587102
0.7522192570772707	5.176492991142321e-7	-0.08060042424257519	0.07637107129598884	1.2268273233286575	-1.1760570294383252	0.9823964595717509
0.7638815711404842	3.8883037621508004e-7	-0.07379435789838731	0.07027613112344681	1.2130378841133624	-1.1661866763412692	0.9780746738065342
0.7755438852036977	2.920415436577599e-7	-0.06756169749946425	0.06466695419885442	1.1984471480751084	-1.1556167304657445	0.9734551129448616
0.7872061992669112	2.1932638382842702e-7	-0.061855028841200796	0.05950546537117328	1.183136669824798	-1.1444069911858057	0.9685571251316479
0.7988685133301247	1.6470261736190026e-7	-0.0566305472777084	0.05475634682910269	1.1671834690540082	-1.1326142534782355	0.9633991939721595
0.8105308273933381	1.236729226814565e-7	-0.051847817908124594	0.05038686358921113	1.1506601557131324	-1.120292372907871	0.9579989480409816
0.8221931414565516	9.285678081442074e-8	-0.04746954485664083	0.046366695498605885	1.1336350669155015	-1.1074923387136901	0.9523731731375003
0.8338554555197651	6.971346785019758e-8	-0.04346135512785215	0.042667777229731564	1.1161724200292167	-1.0942623797576314	0.9465378544908278
0.8455177695829786	5.233364956836488e-8	-0.03979159160006801	0.039264145654097825	1.098332469948562	-1.0806480711572455	0.940508216785769
0.8571800836461921	3.928261390657156e-8	-0.03643111171602108	0.03613179255605973	1.080171661342772	-1.0666924180888104	0.9342987387870478
0.8688423977094056	2.9482372141549636e-8	-0.033353097075786056	0.033248524966491104	1.0617427841246203	-1.0524359426401124	0.9279231694172717
0.8805047117726191	2.2123005054990054e-8	-0.030532877456704927	0.030593834273236774	1.0430951355463844	-1.0379167943939254	0.9213945682980853
0.8921670258358326	1.659600177898329e-8	-0.02794776458323965	0.028148772728884816	1.0242746815451236	-1.0231708586866428	0.9147253439826584
0.9038293398990461	1.2444137360930175e-8	-0.025576892421137885	0.025895835276168254	1.0053242092055448	-1.0082318432485051	0.9079272698755918
0.9271539680254731	7.007710016392817e-9	-0.021401549154285368	0.021902221594871804	0.9671893667398717	-0.977899040691375	0.8939885951044616
0.9504785961519001	3.945566338428562e-9	-0.017874003710652786	0.01849960309289103	0.9289750314931055	-0.9471479542902138	0.8796608643748913
0.9738032242783271	2.221116419461297e-9	-0.014900663357054743	0.015602840658866243	0.8909243333803418	-0.9161795109364536	0.8650181609336538
0.9971278524047541	1.2501676196314726e-9	-0.012401349061049463	0.013141954524810675	0.8532433421740633	-0.8851684904108152	0.8501268055672769
1.0204524805311812	7.035670063297041e-10	-0.010305677135649585	0.011055600353490945	0.8161050473074085	-0.8542659037646745	0.8350458233507934
1.0437771086576082	3.959019797504249e-10	-0.008552365923857481	0.009290020082949766	0.7796531513947624	-0.8236016273590726	0.81982787679637
1.0671017367840352	2.2275075795687454e-10	-0.007088439936829607	0.007798384739582994	0.7440055858008099	-0.7932867788113857	0.8045200705129247
1.0904263649104622	1.253152604435008e-10	-0.005868363884309142	0.006540095280452774	0.7092575095431467	-0.7634155537820089	0.7891642880188936
1.1137509930368892	7.049290613468611e-11	-0.00485319218286859	0.005480101268632951	0.6754840516379457	-0.7340669379022129	0.7737975233935628
1.1370756211633162	3.965031048584708e-11	-0.004009774045550758	0.004588265613276648	0.6427429154548046	-0.7053065537038675	0.7584525510450738
1.1604002492897432	2.2300279610707123e-11	-0.003310006743671358	0.0038387671241046258	0.6110767420428571	-0.6771882988299596	0.7431584912010966
1.1837248774161702	1.254120169166441e-11	-0.002730145632299997	0.003209544999699986	0.5805150514818626	-0.649755594278592	0.7279410326920729
1.2070495055425972	7.052375022174008e-12	-0.0022501877121992517	0.0026817991234561636	0.5510759899169435	-0.6230425303113973	0.7128226493542373
1.2303741336690242	3.965528556170091e-12	-0.0018533312653335125	0.002239548915576067	0.522768014167021	-0.5970750967036252	0.6978230636154119
1.2536987617954511	2.229657198805969e-12	-0.0015254994188491154	0.0018692406542808958	0.49559139556560683	-0.5718722624052213	0.6829596308579025
1.2770233899218781	1.2535688725081946e-12	-0.001254922768577867	0.0015593995995171607	0.46953940706675484	-0.5474467848129926	0.6682474789340387
1.3003480180483051	7.047465311545307e-13	-0.0010317797425016067	0.0013003270206517128	0.4445993791063174	-0.5238059457472808	0.6536996432078135
1.3236726461747321	3.961810926507968e-13	-0.0008478897675256516	0.0010838389922873885	0.42075374705299806	-0.5009523472064571	0.6393273814792363
1.3469972743011591	2.2270599744857234e-13	-0.0006964504537692769	0.0009030399375920714	0.39798097149654665	-0.4788846038492547	0.6251404310100752
1.3703219024275861	1.2518395710471763e-13	-0.000571813208447488	0.0007521267821415719	0.3762562298823763	-0.4575978512142259	0.6111470932405425
1.393646530554013	7.036312755454284e-14	-0.0004692934673622361	0.0006262212534233875	0.3555520246332359	-0.43708420454695057	0.5973543159662658
1.41697115868044	3.9547796788986894e-14	-0.00038501113899003036	0.0005212271495652964	0.3358388123966199	-0.4173332630161275	0.5837679053331881
1.440295786806867	2.2227012633065318e-14	-0.0003157561068626031	0.0004337084181260298	0.3170855468590912	-0.39833254480422586	0.5703926965214832
1.463620414933294	1.2491725333553152e-14	-0.00025887506395273915	0.00036078516027793466	0.29926005964381897	-0.38006779722144624	0.5572326042388869
1.486945043059721	7.020161216699793e-15	-0.00021217685474960075	0.00030004547127987366	0.282329390152544	-0.3625232746194832	0.5442906719970182
1.510269671186148	3.945079964731971e-15	-0.00017385359144965403	0.0002494709934096918	0.26626014901657125	-0.3456820518156355	0.531569214318502
1.533594299312575	2.2169163032133796e-15	-0.0001424148051065537	0.00020737390044110342	0.2510188240606305	-0.32952629178958304	0.5190699299123067
1.556918927439002	1.2457422696245738e-15	-0.00011663254060305484	0.0001723436059900656	0.23657197270349156	-0.31403742846999866	0.5067939314089308
1.580243555565429	6.9999207093206695e-16	-9.549575259201466e-5	0.00014320187625220046	0.2228863842441126	-0.2991963289866802	0.49474177464659275
1.603568183691856	3.933187129750266e-16	-7.817252012899776e-5	0.00011896511824917137	0.2099292784062006	-0.28498348400497103	0.48291355405603575
1.626892811818283	2.209953756486847e-16	-6.397870452844343e-5	9.881264771238435e-5	0.1976684662685524	-0.27137916799152856	0.4713089778339754
1.65021743994471	1.2416789616688104e-16	-5.235197121855036e-5	8.206000415589974e-5	0.18607243190137007	-0.25836354151167357	0.4599273853013569
1.673542068071137	6.976271829249244e-17	-4.283031368948363e-5	6.813657110020022e-5	0.17511039698025374	-0.24591674068345265	0.44876776420810216
1.696866696197564	3.919453897991511e-17	-3.5034329341439405e-5	5.6566839673730564e-5	0.16475241938985763	-0.23401898890717632	0.4378288148417304
1.720191324323991	2.2019901567515036e-17	-2.8652580751933505e-5	4.695470644958613e-5	0.15496946757647373	-0.22265068889923298	0.42710900014140574
1.743515952450418	1.2370592654787728e-17	-2.3429511434524487e-5	3.89703194360148e-5	0.14573343962394375	-0.21179247490722197	0.4166065557512864
1.766840580576845	6.949326525993023e-18	-1.9155488362565586e-5	3.233907931709296e-5	0.13701717329837376	-0.201425257071988	0.40631950019653124
1.790165208703272	3.903418185705014e-18	-1.5658606666727418e-5	2.68324540407414e-5	0.12879448578530261	-0.1915302834690529	0.3962456781120257
1.813489836829699	2.1918528575541642e-18	-1.2797941128901166e-5	2.2260302497326033e-5	0.1210401980322432	-0.18208918930099688	0.38638279380599516
1.836814464956126	0.0	-1.0457990976693176e-5	1.8464461121147554e-5	0.11373012055528808	-0.17308401856111116	0.3767284170262061
1.88346372120898	0.0	-6.983462726647635e-6	1.2703436250357372e-5	0.1003506788163349	-0.15631172912345695	0.3580347890620787
1.930112977461834	0.0	-4.661376867052371e-6	8.736569274209831e-6	0.08848194816738303	-0.1410787167540651	0.3401431794845564
1.976762233714688	0.0	-3.110251678261351e-6	6.0063476626139395e-6	0.077965124463162	-0.12725815057093912	0.323030989430625
2.023411489967542	0.0	-2.074578894270346e-6	4.128031166539521e-6	0.06865578246158642	-0.11473109415954091	0.30667478049856844
2.070060746220396	0.0	-1.3833440676827016e-6	2.8362831077462615e-6	0.060422774355864545	-0.10338635085242036	0.2910503612278916
2.11671000247325	0.0	-9.221622494739583e-7	1.948229323135216e-6	0.053147676039894856	-0.09312055769927868	0.27613328072597565
2.163359258726104	0.0	-6.145700607657191e-7	1.337899265010053e-6	0.04672401063477166	-0.08383806009347716	0.26189911559041856
2.210008514978958	0.0	-4.0947880872435955e-7	9.185603364792918e-7	0.04105611682916867	-0.07545049250557893	0.24832348776430446
2.256657771231812	0.0	-2.72769076913363e-7	6.305214777120385e-7	0.03605807954611799	-0.06787634020707953	0.23538208985954412
2.303307027484666	0.0	-1.816641673616476e-7	4.3271924502483123e-7	0.031653045647479304	-0.0610406867068768	0.2230509160168787
2.34995628373752	0.0	-1.2096509361914092e-7	2.969151789438225e-7	0.02777247459234539	-0.05487487939366353	0.2113063924841707
2.396605539990374	0.0	-8.053286634419517e-8	2.0369655540775126e-7	0.024355240541343595	-0.049316062774933306	0.20012537515641365
2.443254796243228	0.0	-5.3606003868780156e-8	1.3972195498475236e-7	0.021346810507894227	-0.044306728650033156	0.1894851512128648
2.489904052496082	0.0	-3.56767469398388e-8	9.582513295640894e-8	0.018698675879132057	-0.03979439861818611	0.17936354513097746
2.536553308748936	0.0	-2.3740651503321038e-8	6.57100583852505e-8	0.016367776056377563	-0.03573128255543074	0.16973897521489
2.58320256500179	0.0	-1.5795714786157695e-8	4.5053180372840575e-8	0.014315861406943802	-0.03207387846399641	0.1605904429821447
2.629851821254644	0.0	-1.050820300309611e-8	3.088612149682488e-8	0.012509025751227415	-0.028782597724387942	0.1518975245839692
2.6765010775074978	0.0	-6.989773173455884e-9	2.1171346179638012e-8	0.010918452954960703	-0.02582148259006413	0.1436404157511169
2.7231503337603518	0.0	-4.6488540288786956e-9	1.4510534911001038e-8	0.009520700532002158	-0.02315792143407132	0.13579995170758916
2.7697995900132057	0.0	-3.091572749197632e-9	9.944219540117843e-9	0.00829448926010079	-0.020762339419936285	0.1283575926800443
2.8164488462660597	0.0	-2.055729815297177e-9	6.814163555378772e-9	0.007220377811975396	-0.01860791282599176	0.12129541036889026
2.8630981025189137	0.0	-1.3668085179756163e-9	4.6688618368188895e-9	0.006280755196540639	-0.01667034621203059	0.11459610211266552
2.9097473587717677	0.0	-9.086703236764002e-10	3.1986597189335415e-9	0.005459771208886386	-0.01492765609492153	0.10824299249408795
2.9563966150246217	0.0	-6.040374354178277e-10	2.191217124024946e-9	0.004743220987115054	-0.013359944122684701	0.10222001687817214
3.0030458712774757	0.0	-4.014965872732621e-10	1.5009449990351328e-9	0.0041184216868036215	-0.011949229789331692	0.09651170544325949
3.0496951275303297	0.0	-2.6684672515575734e-10	1.0280344026621304e-9	0.0035740983344463946	-0.010679782170606358	0.09110318197203275
3.0963443837831837	0.0	-1.7733944478780128e-10	7.040693587444592e-10	0.0031002612834089317	-0.009538725114532569	0.08598015566032796
3.1429936400360377	0.0	-1.178456583651222e-10	4.821581109180043e-10	0.0026880801255190784	-0.008514238002165653	0.08112890376637287
3.1896428962888916	0.0	-7.830469231058348e-11	3.3016490045980653e-10	0.0023297653820929434	-0.007595361096069631	0.07653625458910936
3.2362921525417456	0.0	-5.2027020402172796e-11	2.260688302953079e-10	0.002018462443725207	-0.006771986283586422	0.07218957808729864
3.2829414087945996	0.0	-3.456510122116873e-11	1.547816685187785e-10	0.0017481512742735564	-0.006034830696105525	0.0680767735192031
3.3295906650474536	0.0	-2.2962260638462803e-11	1.0596625203174552e-10	0.0015135521542201241	-0.005375395153133904	0.06418625212336945
3.3762399213003076	0.0	-1.5253112553266282e-11	7.254106428824066e-11	0.0013100405206090816	-0.00478591917282461	0.06050692010362961
3.4228891775531616	0.0	-1.013131864919141e-11	4.965528305390206e-11	0.0011335716872681505	-0.004259338521359528	0.05702816606585515
3.4695384338060156	0.0	-6.728655900926243e-12	3.398634620806205e-11	0.000980612488597066	-0.003789239217989524	0.05373984691067244
3.5161876900588696	0.0	-4.468114956488239e-12	2.3258594553796556e-11	0.0008480793509168148	-0.003369808514996543	0.05063227112980588
3.5628369463117235	0.0	-2.966230432592777e-12	1.5913439560280042e-11	0.0007332833049516433	-0.002995787500096096	0.0476961824419896
3.6094862025645775	0.0	-1.9681460570929308e-12	1.0883367489566706e-11	0.0006338817297469712	-0.002662427560406796	0.04492274609828057
3.6561354588174315	0.0	-1.3044410557333801e-12	7.437084945849182e-12	0.0005478353869459451	-0.002365447949401245	0.042303534502781806
3.7027847150702855	0.0	-8.624186835791362e-13	5.0733940818980154e-12	0.00047337020666349304	-0.002100994422628482	0.0398305115809376
3.7960832275759935	0.0	-3.7990675274403444e-13	2.3742312227198007e-12	0.0003532563231331482	-0.0016562065643125918	0.03529277782889326
3.8893817400817015	0.0	-1.673195652206841e-13	1.1108706139916854e-12	0.00026343689924419227	-0.00130432099994091	0.031252508021221495
3.9826802525874094	0.0	-7.367697204874114e-14	5.196659778975264e-13	0.00019632982980304385	-0.001026303791648442	0.027658056329616862
4.075978765093118	0.0	-3.24366714018136e-14	2.4305771368845737e-13	0.00014623153459035379	-0.0008069088197582865	0.024462707238217155
4.169277277598826	0.0	-1.4277890528925183e-14	1.1366386717806621e-13	0.0001088576156786093	-0.0006339564426913142	0.021624262861652532
4.262575790104534	0.0	-6.283745089541149e-15	5.314551366885094e-14	8.099443342409032e-5	-0.0004977440520541132	0.019104671600244896
4.355874302610242	0.0	-2.765050527578418e-15	2.4845343539733446e-14	6.023434388576019e-5	-0.00039055944887148573	0.016869670734358258
4.44917281511595	0.0	-1.2165238612347462e-15	1.1613429229757072e-14	4.477529148971262e-5	-0.0003062828341953382	0.014888447168264556
4.542471327621658	0.0	-5.351481944262494e-16	5.427697619693015e-15	3.326968193820651e-5	-0.00024006537098328402	0.01313332284419115
4.635769840127366	0.0	-2.3537807544733225e-16	2.5363719071353564e-15	2.471066727970921e-5	-0.00018807132324897283	0.011579468721320225
4.729068352633074	0.0	-1.0351396375292823e-16	1.1850989991440613e-15	1.834656420957485e-5	-0.00014727036329403843	0.010204637833890966
4.822366865138782	0.0	-4.5517163412603455e-17	5.536596694306805e-16	1.3616564341533546e-5	-0.00011527097558195737	0.008988918017689168
4.91566537764449	0.0	-2.0012297235749454e-17	2.586304821837281e-16	1.0102527868363315e-5	-9.018761598620762e-5	0.007914507078623753
5.008963890150198	0.0	-8.797641501885945e-18	1.2080000896323303e-16	7.4928815035441604e-6	-7.05351444190394e-5	0.006965503277335106
5.102262402655906	0.0	-3.867097121475897e-18	5.64165382611387e-17	5.555588865524878e-6	-5.514480140967115e-5	0.006127716034825145
5.195560915161614	0.0	-1.6996333194115166e-18	2.6345096455314505e-17	4.117934669777564e-6	-4.3097475938715404e-5	0.005388493534404309
5.2888594276673215	0.0	-7.46927526533918e-19	1.2301232343465e-17	3.0514210142889394e-6	-3.367086913457447e-5	0.004736565931024507
5.3821579401730295	0.0	-3.2821347298317826e-19	5.743206201528731e-18	2.260492042529209e-6	-2.629773920067266e-5	0.004161903272829789
5.4754564526787375	0.0	-1.442084175482119e-19	2.6811343256926254e-18	1.6741199064355085e-6	-2.053288742641905e-5	0.0036555864980494946
5.5687549651844455	0.0	-6.335524299780196e-20	1.2515334442516752e-18	1.239530296450695e-6	-1.602708864781229e-5	0.0032096906122425104
5.662053477690153	0.0	-2.7831310408671056e-20	5.841539866372527e-19	9.175267306812031e-7	-1.2506541209546244e-5	0.002817179208257565
5.755351990195861	0.0	-1.2224897463205502e-20	2.7263049982343246e-19	6.790082433459054e-7	-9.756686570126899e-6	0.0024718094374342114
5.848650502701569	0.0	-5.369310736575257e-21	1.272286443114834e-19	5.023768982227075e-7	-7.609469094458614e-6	0.0021680464089801803
5.941949015207277	0.0	-2.358059734839627e-21	5.936901281097544e-20	3.716087427157473e-7	-5.9333129799070945e-6	0.0019009862048729729
6.035247527712985	0.0	-1.0355120751320609e-21	2.770130785106626e-20	2.7481915075897647e-7	-4.625245250256402e-6	0.0016662867682480614
6.128546040218693	0.0	-4.546955780518974e-22	1.2924306233281025e-20	2.0319632750639477e-7	-3.6047101006418305e-6	0.0014601059530981021
6.221844552724401	0.0	-1.9964228840656986e-22	6.029505344588102e-21	1.502087833971064e-7	-2.8087122572008897e-6	0.0012790460303384755
6.315143065230109	0.0	-8.764993420683023e-23	2.8127072055668076e-21	1.1101663695022197e-7	-2.1880060830495813e-6	0.0011201040349789614
6.408441577735817	0.0	-3.847856369564975e-23	1.3120084776118895e-21	8.203449771928564e-8	-1.7041073854711633e-6	0.0009806273969814332
6.501740090241525	0.0	-1.689099482375994e-23	6.119541312037151e-22	6.060701832679115e-8	-1.3269516232474206e-6	0.0008582743387382749
6.595038602747233	0.0	-7.4141539384736e-24	2.8541186284056324e-22	4.476815131449656e-8	-1.0330591344745848e-6	0.000750978553343568
6.688337115252941	0.0	-3.2541592356983805e-24	1.3310576261179235e-22	3.3062575254251044e-8	-8.040982650975407e-7	0.0006569177300639018
6.781635627758649	0.0	-1.4281953940198202e-24	6.207176645416363e-23	2.4413278601770624e-8	-6.257606808353474e-7	0.0005744855361883797
6.874934140264357	0.0	-6.267708694519891e-25	2.8944388009141637e-23	1.8023400244387965e-8	-4.868814101175628e-7	0.0005022666985574796
6.968232652770065	0.0	-2.750444001016497e-25	1.3496087138473632e-23	1.3303484381971574e-8	-3.787505424878798e-7	0.000439014857283141
7.061531165275773	0.0	-1.206893646115239e-25	6.29249834533493e-24	9.817584466098268e-9	-2.945750333690896e-7	0.0003836328984040974
7.154829677781481	0.0	-5.295427898766338e-26	2.9335991527436146e-24	7.243342441268541e-9	-2.290580394054727e-7	0.00033515550230413455
7.248128190287189	0.0	-2.3230749743479417e-26	1.3674004221957581e-24	5.3424261923458225e-9	-1.7807022470958237e-7	0.00029273367002969925
7.341426702792897	0.0	-1.018513646369168e-26	6.369389286172441e-25	3.9386415315073646e-9	-1.3839298674783066e-7	0.00025562101188121296
7.434725215298605	0.0	0.0	0.0	2.901728400485485e-9	-1.0751791519491468e-7	0.00022316160551426605
7.621322240310021	0.0	0.0	0.0	1.5778347709350897e-9	-6.492809009624443e-8	0.0001699813374242472
7.807919265321437	0.0	0.0	0.0	8.575033580652308e-10	-3.918593583418468e-8	0.0001293643390204604
7.994516290332853	0.0	0.0	0.0	4.657904449902872e-10	-2.3636617998975294e-8	9.837268930071574e-5
8.18111331534427	0.0	0.0	0.0	2.528924695808519e-10	-1.424980364293423e-8	7.474727119869646e-5
8.367710340355686	0.0	0.0	0.0	1.372401667049665e-10	-8.586397442046946e-9	5.675319756471078e-5
8.554307365367102	0.0	0.0	0.0	7.444497817709337e-11	-5.171316501117325e-9	4.3059812202462975e-5
8.740904390378518	0.0	0.0	0.0	4.0365157422576565e-11	-3.1130646745111477e-9	3.264770357655245e-5
8.927501415389933	0.0	0.0	0.0	2.1877751663995184e-11	-1.8731837431024377e-9	2.4736776928514438e-5
9.11409844040135	0.0	0.0	0.0	1.1853067554355471e-11	-1.1266412028900827e-9	1.8730708241794586e-5
9.300695465412765	0.0	0.0	0.0	6.419447674263169e-12	-6.773470264109218e-10	1.417411583610739e-5
9.487292490424181	0.0	0.0	0.0	3.4754399849203876e-12	-4.070653052754824e-10	1.0719585749197806e-5
9.673889515435597	0.0	0.0	0.0	1.8809323283793707e-12	-2.445404630228712e-10	8.10231899054823e-6
9.860486540447013	0.0	0.0	0.0	1.0176383648600529e-12	-1.4685113464181405e-10	6.12066464194765e-6
10.04708356545843	0.0	0.0	0.0	5.503969918670568e-13	-8.815554454089192e-11	4.621190985547503e-6
10.233680590469845	0.0	0.0	0.0	2.975952347255991e-13	-5.290213661846803e-11	3.487250206845236e-6
10.420277615481261	0.0	0.0	0.0	1.6085998432368176e-13	-3.173607855462086e-11	2.6302289595910557e-6
10.606874640492677	0.0	0.0	0.0	8.69254068597962e-14	-1.903245121379576e-11	1.9828611335998175e-6
10.793471665504093	0.0	0.0	0.0	4.6959817302674e-14	-1.1410437404888408e-11	1.4941219842187276e-6
10.980068690515509	0.0	0.0	0.0	2.536244374162546e-14	-6.838808193371147e-12	1.1253334398557575e-6
11.166665715526925	0.0	0.0	0.0	1.3694453185407026e-14	-4.097635802826632e-12	8.471960361568325e-7
11.35326274053834	0.0	0.0	0.0	7.39249216430383e-15	-2.454511795918302e-12	6.375290251892163e-7
11.539859765549757	0.0	0.0	0.0	3.9896346378549965e-15	-1.4698721728846509e-12	4.795511518988753e-7
11.726456790561173	0.0	0.0	0.0	2.1526567429935744e-15	-8.799952966396848e-13	3.605738052809828e-7
11.913053815572589	0.0	0.0	0.0	1.161232064476787e-15	-5.267092740263901e-13	2.710084055754722e-7
12.099650840584005	0.0	0.0	0.0	6.262804517626406e-16	-3.151771649517787e-13	2.0361303333681429e-7
12.28624786559542	0.0	0.0	0.0	3.37696982629711e-16	-1.885536191958298e-13	1.5292104855716328e-7
12.472844890606837	0.0	0.0	0.0	1.8205254154853364e-16	-1.127754039144751e-13	1.148080351589965e-7
12.659441915618252	0.0	0.0	0.0	9.812511673048441e-17	-6.743668334321265e-14	8.616380149651247e-8
12.846038940629668	0.0	0.0	0.0	5.287860809480963e-17	-4.0316522805142723e-14	6.464410999987196e-8
13.032635965641084	0.0	0.0	0.0	2.8490405472620764e-17	-2.4097810360635515e-14	4.8482871281946795e-8
13.2192329906525	0.0	0.0	0.0	1.5347523377608634e-17	-1.4400649912437838e-14	3.635016103712934e-8
13.405830015663916	0.0	0.0	0.0	8.26610895130577e-18	-8.603961545239992e-15	2.724494071144257e-8
13.592427040675332	0.0	0.0	0.0	4.451319851671225e-18	-5.1395770417070614e-15	2.0414044252944685e-8
13.779024065686748	0.0	0.0	0.0	2.3966352774175542e-18	-3.0694916422019e-15	1.5291032441902136e-8
13.965621090698164	0.0	0.0	0.0	1.2901423208941896e-18	-1.8327565925814874e-15	1.1450065981158888e-8
14.15221811570958	0.0	0.0	0.0	6.943537935205252e-19	-1.093976007718866e-15	8.571125377686665e-9
14.338815140720996	0.0	0.0	0.0	3.7357258570001297e-19	-6.526411502114884e-16	6.4137985857156784e-9
14.525412165732412	0.0	0.0	0.0	2.0082614503958151e-19	-3.8888105256122337e-16	4.797534401103698e-9
14.712009190743828	0.0	0.0	0.0	1.0770083386917619e-19	-2.3100303031773464e-16	3.5867725648986863e-9
14.898606215755244	0.0	0.0	0.0	0.0	0.0	2.679749948188469e-9
15.271800265778076	0.0	0.0	0.0	0.0	0.0	1.4973647795340488e-9
15.644994315800908	0.0	0.0	0.0	0.0	0.0	8.358780581569885e-10
16.01818836582374	0.0	0.0	0.0	0.0	0.0	4.661855341496545e-10
16.39138241584657	0.0	0.0	0.0	0.0	0.0	2.5977215577251913e-10
16.764576465869403	0.0	0.0	0.0	0.0	0.0	1.446307422302127e-10
17.137770515892235	0.0	0.0	0.0	0.0	0.0	8.045964311028107e-11
17.510964565915067	0.0	0.0	0.0	0.0	0.0	4.472593079064303e-11
17.8841586159379	0.0	0.0	0.0	0.0	0.0	2.4843795321281236e-11
18.25735266596073	0.0	0.0	0.0	0.0	0.0	1.379006923186308e-11
18.630546715983563	0.0	0.0	0.0	0.0	0.0	7.64921464026011e-12
19.003740766006395	0.0	0.0	0.0	0.0	0.0	4.240142176228102e-12
19.376934816029227	0.0	0.0	0.0	0.0	0.0	2.348917747208107e-12
19.75012886605206	0.0	0.0	0.0	0.0	0.0	1.3004363029410467e-12
20.12332291607489	0.0	0.0	0.0	0.0	0.0	7.19538064208764e-13
20.496516966097722	0.0	0.0	0.0	0.0	0.0	3.978972173509679e-13
20.869711016120554	0.0	0.0	0.0	0.0	0.0	2.1991205162566516e-13
21.242905066143386	0.0	0.0	0.0	0.0	0.0	1.2147762220892782e-13
21.616099116166218	0.0	0.0	0.0	0.0	0.0	6.706877536957536e-14
21.98929316618905	0.0	0.0	0.0	0.0	0.0	3.701081515063958e-14
22.362487216211882	0.0	0.0	0.0	0.0	0.0	2.04139989056442e-14
22.735681266234714	0.0	0.0	0.0	0.0	0.0	1.1254477486243796e-14
23.108875316257546	0.0	0.0	0.0	0.0	0.0	6.20192824097356e-15
23.482069366280378	0.0	0.0	0.0	0.0	0.0	3.4161610204559416e-15
23.85526341630321	0.0	0.0	0.0	0.0	0.0	1.880900815504751e-15
24.22845746632604	0.0	0.0	0.0	0.0	0.0	1.0351777615099405e-15
24.601651516348873	0.0	0.0	0.0	0.0	0.0	5.694960509349698e-16
24.974845566371705	0.0	0.0	0.0	0.0	0.0	3.1318307386660743e-16
25.348039616394537	0.0	0.0	0.0	0.0	0.0	1.7216404176872038e-16
25.72123366641737	0.0	0.0	0.0	0.0	0.0	9.460799284706302e-17
26.0944277164402	0.0	0.0	0.0	0.0	0.0	5.197073008881759e-17
26.467621766463033	0.0	0.0	0.0	0.0	0.0	2.853905381396596e-17
26.840815816485865	0.0	0.0	0.0	0.0	0.0	1.566656770384996e-17
27.214009866508697	0.0	0.0	0.0	0.0	0.0	8.597349982408454e-18
27.58720391653153	0.0	0.0	0.0	0.0	0.0	4.7164179224780844e-18
27.96039796655436	0.0	0.0	0.0	0.0	0.0	2.5864826787626636e-18
28.333592016577192	0.0	0.0	0.0	0.0	0.0	1.417828240543127e-18
28.706786066600024	0.0	0.0	0.0	0.0	0.0	7.766703281653014e-19
29.079980116622856	0.0	0.0	0.0	0.0	0.0	4.2476423598760507e-19
29.453174166645688	0.0	0.0	0.0	0.0	0.0	2.312085686890176e-19
29.82636821666852	0.0	0.0	0.0	0.0	0.0	0.0
30.572756316714184	0.0	0.0	0.0	0.0	0.0	0.0
31.319144416759848	0.0	0.0	0.0	0.0	0.0	0.0
32.06553251680551	0.0	0.0	0.0	0.0	0.0	0.0
32.811920616851175	0.0	0.0	0.0	0.0	0.0	0.0
33.55830871689684	0.0	0.0	0.0	0.0	0.0	0.0
34.3046968169425	0.0	0.0	0.0	0.0	0.0	0.0
35.05108491698817	0.0	0.0	0.0	0.0	0.0	0.0
35.79747301703383	0.0	0.0	0.0	0.0	0.0	0.0
36.543861117079494	0.0	0.0	0.0	0.0	0.0	0.0
37.29024921712516	0.0	0.0	0.0	0.0	0.0	0.0
38.03663731717082	0.0	0.0	0.0	0.0	0.0	0.0
38.783025417216486	0.0	0.0	0.0	0.0	0.0	0.0
39.52941351726215	0.0	0.0	0.0	0.0	0.0	0.0
40.27580161730781	0.0	0.0	0.0	0.0	0.0	0.0
41.02218971735348	0.0	0.0	0.0	0.0	0.0	0.0
41.76857781739914	0.0	0.0	0.0	0.0	0.0	0.0
42.514965917444805	0.0	0.0	0.0	0.0	0.0	0.0
43.26135401749047	0.0	0.0	0.0	0.0	0.0	0.0
44.00774211753613	0.0	0.0	0.0	0.0	0.0	0.0
44.754130217581796	0.0	0.0	0.0	0.0	0.0	0.0
45.50051831762746	0.0	0.0	0.0	0.0	0.0	0.0
46.246906417673124	0.0	0.0	0.0	0.0	0.0	0.0
46.99329451771879	0.0	0.0	0.0	0.0	0.0	0.0
47.73968261776445	0.0	0.0	0.0	0.0	0.0	0.0
48.486070717810115	0.0	0.0	0.0	0.0	0.0	0.0
49.23245881785578	0.0	0.0	0.0	0.0	0.0	0.0
49.97884691790144	0.0	0.0	0.0	0.0	0.0	0.0
50.72523501794711	0.0	0.0	0.0	0.0	0.0	0.0
51.47162311799277	0.0	0.0	0.0	0.0	0.0	0.0
52.218011218038434	0.0	0.0	0.0	0.0	0.0	0.0
52.9643993180841	0.0	0.0	0.0	0.0	0.0	0.0
53.71078741812976	0.0	0.0	0.0	0.0	0.0	0.0
54.457175518175426	0.0	0.0	0.0	0.0	0.0	0.0
55.20356361822109	0.0	0.0	0.0	0.0	0.0	0.0
55.94995171826675	0.0	0.0	0.0	0.0	0.0	0.0
56.69633981831242	0.0	0.0	0.0	0.0	0.0	0.0
57.44272791835808	0.0	0.0	0.0	0.0	0.0	0.0
58.189116018403745	0.0	0.0	0.0	0.0	0.0	0.0
58.93550411844941	0.0	0.0	0.0	0.0	0.0	0.0
59.68189221849507	0.0	0.0	0.0	0.0	0.0	0.0
61.1746684185864	0.0	0.0	0.0	0.0	0.0	0.0
62.66744461867773	0.0	0.0	0.0	0.0	0.0	0.0
64.16022081876906	0.0	0.0	0.0	0.0	0.0	0.0
65.65299701886039	0.0	0.0	0.0	0.0	0.0	0.0
67.14577321895172	0.0	0.0	0.0	0.0	0.0	0.0
68.63854941904304	0.0	0.0	0.0	0.0	0.0	0.0
70.13132561913437	0.0	0.0	0.0	0.0	0.0	0.0
71.6241018192257	0.0	0.0	0.0	0.0	0.0	0.0
73.11687801931703	0.0	0.0	0.0	0.0	0.0	0.0
74.60965421940836	0.0	0.0	0.0	0.0	0.0	0.0
76.10243041949968	0.0	0.0	0.0	0.0	0.0	0.0
77.59520661959101	0.0	0.0	0.0	0.0	0.0	0.0
79.08798281968234	0.0	0.0	0.0	0.0	0.0	0.0
80.58075901977367	0.0	0.0	0.0	0.0	0.0	0.0
82.073535219865	0.0	0.0	0.0	0.0	0.0	0.0
83.56631141995632	0.0	0.0	0.0	0.0	0.0	0.0
85.05908762004765	0.0	0.0	0.0	0.0	0.0	0.0
86.55186382013898	0.0	0.0	0.0	0.0	0.0	0.0
88.0446400202303	0.0	0.0	0.0	0.0	0.0	0.0
89.53741622032163	0.0	0.0	0.0	0.0	0.0	0.0
91.03019242041296	0.0	0.0	0.0	0.0	0.0	0.0
92.52296862050429	0.0	0.0	0.0	0.0	0.0	0.0
94.01574482059561	0.0	0.0	0.0	0.0	0.0	0.0
95.50852102068694	0.0	0.0	0.0	0.0	0.0	0.0
97.00129722077827	0.0	0.0	0.0	0.0	0.0	0.0
98.4940734208696	0.0	0.0	0.0	0.0	0.0	0.0
99.98684962096092	0.0	0.0	0.0	0.0	0.0	0.0
101.47962582105225	0.0	0.0	0.0	0.0	0.0	0.0
102.97240202114358	0.0	0.0	0.0	0.0	0.0	0.0
104.46517822123491	0.0	0.0	0.0	0.0	0.0	0.0
105.95795442132624	0.0	0.0	0.0	0.0	0.0	0.0
107.45073062141756	0.0	0.0	0.0	0.0	0.0	0.0
108.94350682150889	0.0	0.0	0.0	0.0	0.0	0.0
110.43628302160022	0.0	0.0	0.0	0.0	0.0	0.0
111.92905922169155	0.0	0.0	0.0	0.0	0.0	0.0
113.42183542178287	0.0	0.0	0.0	0.0	0.0	0.0
114.9146116218742	0.0	0.0	0.0	0.0	0.0	0.0
116.40738782196553	0.0	0.0	0.0	0.0	0.0	0.0
117.90016402205686	0.0	0.0	0.0	0.0	0.0	0.0
119.39294022214818	0.0	0.0	0.0	0.0	0.0	0.0
122.37849262233084	0.0	0.0	0.0	0.0	0.0	0.0
125.3640450225135	0.0	0.0	0.0	0.0	0.0	0.0
128.34959742269615	0.0	0.0	0.0	0.0	0.0	0.0
131.3351498228788	0.0	0.0	0.0	0.0	0.0	0.0
134.32070222306146	0.0	0.0	0.0	0.0	0.0	0.0
137.30625462324412	0.0	0.0	0.0	0.0	0.0	0.0
140.29180702342677	0.0	0.0	0.0	0.0	0.0	0.0
143.27735942360943	0.0	0.0	0.0	0.0	0.0	0.0
146.26291182379208	0.0	0.0	0.0	0.0	0.0	0.0
149.24846422397474	0.0	0.0	0.0	0.0	0.0	0.0
152.2340166241574	0.0	0.0	0.0	0.0	0.0	0.0
155.21956902434005	0.0	0.0	0.0	0.0	0.0	0.0
158.2051214245227	0.0	0.0	0.0	0.0	0.0	0.0
161.19067382470536	0.0	0.0	0.0	0.0	0.0	0.0
164.176226224888	0.0	0.0	0.0	0.0	0.0	0.0
167.16177862507067	0.0	0.0	0.0	0.0	0.0	0.0
170.14733102525332	0.0	0.0	0.0	0.0	0.0	0.0
173.13288342543598	0.0	0.0	0.0	0.0	0.0	0.0
176.11843582561863	0.0	0.0	0.0	0.0	0.0	0.0
179.1039882258013	0.0	0.0	0.0	0.0	0.0	0.0
182.08954062598394	0.0	0.0	0.0	0.0	0.0	0.0
185.0750930261666	0.0	0.0	0.0	0.0	0.0	0.0
188.06064542634925	0.0	0.0	0.0	0.0	0.0	0.0
191.0461978265319	0.0	0.0	0.0	0.0	0.0	0.0
194.03175022671456	0.0	0.0	0.0	0.0	0.0	0.0
197.01730262689722	0.0	0.0	0.0	0.0	0.0	0.0
200.00285502707987	0.0	0.0	0.0	0.0	0.0	0.0
202.98840742726253	0.0	0.0	0.0	0.0	0.0	0.0
205.97395982744519	0.0	0.0	0.0	0.0	0.0	0.0
208.95951222762784	0.0	0.0	0.0	0.0	0.0	0.0
211.9450646278105	0.0	0.0	0.0	0.0	0.0	0.0
214.93061702799315	0.0	0.0	0.0	0.0	0.0	0.0
217.9161694281758	0.0	0.0	0.0	0.0	0.0	0.0
220.90172182835846	0.0	0.0	0.0	0.0	0.0	0.0
223.88727422854112	0.0	0.0	0.0	0.0	0.0	0.0
226.87282662872377	0.0	0.0	0.0	0.0	0.0	0.0
229.85837902890643	0.0	0.0	0.0	0.0	0.0	0.0
232.84393142908908	0.0	0.0	0.0	0.0	0.0	0.0
235.82948382927174	0.0	0.0	0.0	0.0	0.0	0.0
238.8150362294544	0.0	0.0	0.0	0.0	0.0	0.0
244.7861410298197	0.0	0.0	0.0	0.0	0.0	0.0
250.757245830185	0.0	0.0	0.0	0.0	0.0	0.0
256.7283506305503	0.0	0.0	0.0	0.0	0.0	0.0
262.69945543091563	0.0	0.0	0.0	0.0	0.0	0.0
268.67056023128094	0.0	0.0	0.0	0.0	0.0	0.0
274.64166503164626	0.0	0.0	0.0	0.0	0.0	0.0
280.61276983201157	0.0	0.0	0.0	0.0	0.0	0.0
286.5838746323769	0.0	0.0	0.0	0.0	0.0	0.0
292.5549794327422	0.0	0.0	0.0	0.0	0.0	0.0
298.5260842331075	0.0	0.0	0.0	0.0	0.0	0.0
304.4971890334728	0.0	0.0	0.0	0.0	0.0	0.0
310.4682938338381	0.0	0.0	0.0	0.0	0.0	0.0
316.4393986342034	0.0	0.0	0.0	0.0	0.0	0.0
322.41050343456874	0.0	0.0	0.0	0.0	0.0	0.0
328.38160823493405	0.0	0.0	0.0	0.0	0.0	0.0
334.35271303529936	0.0	0.0	0.0	0.0	0.0	0.0
340.32381783566467	0.0	0.0	0.0	0.0	0.0	0.0
346.29492263603	0.0	0.0	0.0	0.0	0.0	0.0
352.2660274363953	0.0	0.0	0.0	0.0	0.0	0.0
358.2371322367606	0.0	0.0	0.0	0.0	0.0	0.0
364.2082370371259	0.0	0.0	0.0	0.0	0.0	0.0
370.1793418374912	0.0	0.0	0.0	0.0	0.0	0.0
376.15044663785653	0.0	0.0	0.0	0.0	0.0	0.0
382.12155143822184	0.0	0.0	0.0	0.0	0.0	0.0
388.09265623858715	0.0	0.0	0.0	0.0	0.0	0.0
394.06376103895246	0.0	0.0	0.0	0.0	0.0	0.0
400.0348658393178	0.0	0.0	0.0	0.0	0.0	0.0
406.0059706396831	0.0	0.0	0.0	0.0	0.0	0.0
411.9770754400484	0.0	0.0	0.0	0.0	0.0	0.0
417.9481802404137	0.0	0.0	0.0	0.0	0.0	0.0
423.919285040779	0.0	0.0	0.0	0.0	0.0	0.0
429.8903898411443	0.0	0.0	0.0	0.0	0.0	0.0
435.86149464150964	0.0	0.0	0.0	0.0	0.0	0.0
441.83259944187495	0.0	0.0	0.0	0.0	0.0	0.0
447.80370424224026	0.0	0.0	0.0	0.0	0.0	0.0
453.77480904260557	0.0	0.0	0.0	0.0	0.0	0.0
459.7459138429709	0.0	0.0	0.0	0.0	0.0	0.0
465.7170186433362	0.0	0.0	0.0	0.0	0.0	0.0
471.6881234437015	0.0	0.0	0.0	0.0	0.0	0.0
477.6592282440668	0.0	0.0	0.0	0.0	0.0	0.0
489.60143784479743	0.0	0.0	0.0	0.0	0.0	0.0
501.54364744552805	0.0	0.0	0.0	0.0	0.0	0.0
513.4858570462587	0.0	0.0	0.0	0.0	0.0	0.0
525.4280666469894	0.0	0.0	0.0	0.0	0.0	0.0
537.37027624772	0.0	0.0	0.0	0.0	0.0	0.0
549.3124858484506	0.0	0.0	0.0	0.0	0.0	0.0
561.2546954491812	0.0	0.0	0.0	0.0	0.0	0.0
573.1969050499118	0.0	0.0	0.0	0.0	0.0	0.0
585.1391146506425	0.0	0.0	0.0	0.0	0.0	0.0
597.0813242513731	0.0	0.0	0.0	0.0	0.0	0.0
609.0235338521037	0.0	0.0	0.0	0.0	0.0	0.0
620.9657434528343	0.0	0.0	0.0	0.0	0.0	0.0
632.9079530535649	0.0	0.0	0.0	0.0	0.0	0.0
644.8501626542956	0.0	0.0	0.0	0.0	0.0	0.0
656.7923722550262	0.0	0.0	0.0	0.0	0.0	0.0
668.7345818557568	0.0	0.0	0.0	0.0	0.0	0.0
680.6767914564874	0.0	0.0	0.0	0.0	0.0	0.0
692.619001057218	0.0	0.0	0.0	0.0	0.0	0.0
704.5612106579487	0.0	0.0	0.0	0.0	0.0	0.0
716.5034202586793	0.0	0.0	0.0	0.0	0.0	0.0
728.4456298594099	0.0	0.0	0.0	0.0	0.0	0.0
740.3878394601405	0.0	0.0	0.0	0.0	0.0	0.0
752.3300490608711	0.0	0.0	0.0	0.0	0.0	0.0
764.2722586616018	0.0	0.0	0.0	0.0	0.0	0.0
776.2144682623324	0.0	0.0	0.0	0.0	0.0	0.0
788.156677863063	0.0	0.0	0.0	0.0	0.0	0.0
800.0988874637936	0.0	0.0	0.0	0.0	0.0	0.0
812.0410970645243	0.0	0.0	0.0	0.0	0.0	0.0
823.9833066652549	0.0	0.0	0.0	0.0	0.0	0.0
835.9255162659855	0.0	0.0	0.0	0.0	0.0	0.0
847.8677258667161	0.0	0.0	0.0	0.0	0.0	0.0
859.8099354674467	0.0	0.0	0.0	0.0	0.0	0.0
871.7521450681774	0.0	0.0	0.0	0.0	0.0	0.0
883.694354668908	0.0	0.0	0.0	0.0	0.0	0.0
895.6365642696386	0.0	0.0	0.0	0.0	0.0	0.0
907.5787738703692	0.0	0.0	0.0	0.0	0.0	0.0
919.5209834710998	0.0	0.0	0.0	0.0	0.0	0.0
931.4631930718305	0.0	0.0	0.0	0.0	0.0	0.0
943.4054026725611	0.0	0.0	0.0	0.0	0.0	0.0
955.3476122732917	0.0	0.0	0.0	0.0	0.0	0.0
979.232031474753	0.0	0.0	0.0	0.0	0.0	0.0
1003.1164506762142	0.0	0.0	0.0	0.0	0.0	0.0
1027.0008698776755	0.0	0.0	0.0	0.0	0.0	0.0
1050.8852890791368	0.0	0.0	0.0	0.0	0.0	0.0
1074.769708280598	0.0	0.0	0.0	0.0	0.0	0.0
1098.6541274820593	0.0	0.0	0.0	0.0	0.0	0.0
1122.5385466835205	0.0	0.0	0.0	0.0	0.0	0.0
1146.4229658849817	0.0	0.0	0.0	0.0	0.0	0.0
1170.307385086443	0.0	0.0	0.0	0.0	0.0	0.0
1194.1918042879042	0.0	0.0	0.0	0.0	0.0	0.0
1218.0762234893655	0.0	0.0	0.0	0.0	0.0	0.0
1241.9606426908267	0.0	0.0	0.0	0.0	0.0	0.0
1265.845061892288	0.0	0.0	0.0	0.0	0.0	0.0
1289.7294810937492	0.0	0.0	0.0	0.0	0.0	0.0
1313.6139002952104	0.0	0.0	0.0	0.0	0.0	0.0
1337.4983194966717	0.0	0.0	0.0	0.0	0.0	0.0
1361.382738698133	0.0	0.0	0.0	0.0	0.0	0.0
1385.2671578995942	0.0	0.0	0.0	0.0	0.0	0.0
1409.1515771010554	0.0	0.0	0.0	0.0	0.0	0.0
1433.0359963025167	0.0	0.0	0.0	0.0	0.0	0.0
1456.920415503978	0.0	0.0	0.0	0.0	0.0	0.0
1480.8048347054391	0.0	0.0	0.0	0.0	0.0	0.0
1504.6892539069004	0.0	0.0	0.0	0.0	0.0	0.0
1528.5736731083616	0.0	0.0	0.0	0.0	0.0	0.0
1552.4580923098229	0.0	0.0	0.0	0.0	0.0	0.0
1576.342511511284	0.0	0.0	0.0	0.0	0.0	0.0
1600.2269307127453	0.0	0.0	0.0	0.0	0.0	0.0
1624.1113499142066	0.0	0.0	0.0	0.0	0.0	0.0
1647.9957691156678	0.0	0.0	0.0	0.0	0.0	0.0
1671.880188317129	0.0	0.0	0.0	0.0	0.0	0.0
1695.7646075185903	0.0	0.0	0.0	0.0	0.0	0.0
1719.6490267200516	0.0	0.0	0.0	0.0	0.0	0.0
1743.5334459215128	0.0	0.0	0.0	0.0	0.0	0.0
1767.417865122974	0.0	0.0	0.0	0.0	0.0	0.0
1791.3022843244353	0.0	0.0	0.0	0.0	0.0	0.0
1815.1867035258965	0.0	0.0	0.0	0.0	0.0	0.0
1839.0711227273578	0.0	0.0	0.0	0.0	0.0	0.0
1862.955541928819	0.0	0.0	0.0	0.0	0.0	0.0
1886.8399611302802	0.0	0.0	0.0	0.0	0.0	0.0
1910.7243803317415	0.0	0.0	0.0	0.0	0.0	0.0
