# NiO Ni L2,3 XAS — experimental reference spectrum
# Columns: photon energy (eV)  |  intensity (arb. units)
#
# Provenance: obtained from the Quanty website's NiO ligand-field tutorial
#   https://www.quanty.org/documentation/tutorials/nio_ligand_field/xas_l23
# which in turn digitized the published measurement of
#   D. Alders et al., Phys. Rev. B 57, 11623 (1998).
#
# Quanty website material is licensed CC-BY (https://www.quanty.org/copyright);
# redistributed here with credit under those terms. Not modified apart from
# this header. Used in docs/src/tut/nio.md for the energy-axis comparison.
845.65	0.22380275463006583
845.69	0.2922485059247157
845.73	0.34841587640005717
845.77	0.3915573714221173
845.81	0.4251654424065073
845.85	0.45192438107994193
845.89	0.4719992210831825
845.93	0.4842902516410149
845.97	0.48814358000013097
846.01	0.48446164349774373
846.05	0.47613105621549817
846.09	0.4673539545570459
846.13	0.46175946258183914
846.17	0.4604241311294086
846.21	0.4614758215965543
846.25	0.4617904582226617
846.29	0.4594524405318633
846.34	0.45501404100792797
846.38	0.45080275671790004
846.42	0.449231724851617
846.46	0.4514954033333104
846.5	0.4571956824132225
846.54	0.46471264038393245
846.58	0.4719543247087022
846.62	0.4770158202891789
846.66	0.47847024265836485
846.7	0.47565134020216404
846.74	0.46927239935170845
846.78	0.4617421930957586
846.82	0.45627878126826793
846.86	0.45516335409503045
846.9	0.4585173452266461
846.94	0.46451023776397665
846.98	0.4706876851746761
847.02	0.4753519330671387
847.06	0.4780857672663554
847.1	0.47935732944240544
847.14	0.479845965941891
847.18	0.4800639281169539
847.23	0.48034487862454067
847.27	0.48095369359504225
847.31	0.48207006387083867
847.35	0.48357699709153046
847.39	0.48486614985249465
847.43	0.4849881371234497
847.47	0.48312199944467693
847.51	0.478924321226224
847.55	0.47256284153537875
847.59	0.4647207404556969
847.63	0.4566335560195362
847.67	0.44979120055108396
847.71	0.4453260284969378
847.75	0.4436728263222642
847.79	0.44470089097776744
847.83	0.4478116994529018
847.87	0.4517682142345406
847.91	0.4548978301876415
847.95	0.45616605968920076
847.99	0.45624237766301406
848.03	0.45710846310124076
848.08	0.46028666341527924
848.12	0.46550191248977396
848.16	0.4710927106623245
848.2	0.4754785852563384
848.24	0.4781160838815293
848.28	0.47935868030209766
848.32	0.47982239535913374
848.36	0.47996095775934344
848.4	0.47999913341844946
848.44	0.48003520033901204
848.48	0.48016665544729353
848.52	0.4806242345456762
848.56	0.481906453370579
848.6	0.48476405497592906
848.64	0.48977265899892897
848.68	0.4965181151335512
848.72	0.5031026721440175
848.76	0.5068590560008501
848.8	0.5060701254840676
848.84	0.5011990003771446
848.88	0.49446609201981245
848.92	0.4882826002832957
848.97	0.48398939476144587
849.01	0.4817095200057641
849.05	0.48100498284728765
849.09	0.4815845350541947
849.13	0.4835652404857828
849.17	0.4872225044396436
849.21	0.4925399134941866
849.25	0.4991143247939475
849.29	0.5067019478545916
849.33	0.5158271220421218
849.37	0.5274178356903316
849.41	0.5413908990720913
849.45	0.5556453453749969
849.49	0.5669396901316437
849.53	0.5732248136423296
849.57	0.5753865696506018
849.61	0.5768704237272757
849.65	0.5815376338681539
849.69	0.5914204119266668
849.73	0.6058518613757466
849.77	0.6222504232656845
849.82	0.637855178359235
849.86	0.6514077717926212
849.9	0.6637717276952418
849.94	0.6769019152812318
849.98	0.6918142098313209
850.02	0.7073541086352034
850.06	0.7210087037401681
850.1	0.7309616661663203
850.14	0.7374742071679646
850.18	0.7427574267776342
850.22	0.749962223432735
850.26	0.7619440905248802
850.3	0.7799850452200391
850.34	0.8030158093831297
850.38	0.828176019549597
850.42	0.8525446116610959
850.46	0.8747257798699928
850.5	0.8953664982916688
850.54	0.9167707337160446
850.58	0.9419155631833378
850.62	0.972931142805312
850.66	1.0097398579859498
850.71	1.050122355322855
850.75	1.0913236465780285
850.79	1.1314439597905954
850.83	1.1691035099137432
850.87	1.2024005830300886
850.91	1.2294214103714907
850.95	1.250351569982318
850.99	1.2686709127415614
851.03	1.2896822266593462
851.07	1.31755094985434
851.11	1.353506461913688
851.15	1.3964992452481995
851.19	1.4450981148514144
851.23	1.498597947293866
851.27	1.5568448435264575
851.31	1.6197479644131454
851.35	1.6872096661660734
851.39	1.7593309140525768
851.43	1.83643372580765
851.47	1.9187686301509823
851.51	2.0063099165717717
851.55	2.098998715788882
851.6	2.197126463883707
851.64	2.301435637200728
851.68	2.4131622027057893
851.72	2.5344479374543374
851.76	2.6689911596295866
851.8	2.822080605812334
851.84	2.9990403919633235
851.88	3.202758683036705
851.92	3.432862614369897
851.96	3.6872606248263624
852	3.9633850106392603
852.04	4.258274848349373
852.08	4.571222528647463
852.12	4.9114852095083545
852.16	5.3065565538918955
852.2	5.801005015546829
852.24	6.438784545768616
852.28	7.236761748921431
852.32	8.174261495500437
852.36	9.217544453056757
852.4	10.361356102586358
852.45	11.641854195091335
852.49	13.100964171281047
852.53	14.736835666421468
852.57	16.491361465638263
852.61	18.291245239609736
852.65	20.11715674850273
852.69	22.05194023198891
852.73	24.26027505498584
852.77	26.895219236867018
852.81	29.996992262580346
852.85	33.468813062783106
852.89	37.13756979431382
852.93	40.821433686127946
852.97	44.346572393309046
853.01	47.53807556494069
853.05	50.232647945860286
853.09	52.317737139294834
853.13	53.76918070123229
853.17	54.657417389443076
853.21	55.10897829430053
853.25	55.24161278949585
853.29	55.11145204613612
853.34	54.699190668451585
853.38	53.94065266802811
853.42	52.78608423564644
853.46	51.2453379019386
853.5	49.37762855560796
853.54	47.243661279636335
853.58	44.88337655280696
853.62	42.33771665120927
853.66	39.6650871928955
853.7	36.91979433762414
853.74	34.126497248348855
853.78	31.295783512641485
853.82	28.472485656278472
853.86	25.766863014533016
853.9	23.331235475863394
853.94	21.28891474850724
853.98	19.66458429407685
854.02	18.375563877068373
854.06	17.297984513401193
854.1	16.35188094895762
854.14	15.53148970758577
854.18	14.863170305436688
854.23	14.339814075878076
854.27	13.89518352187559
854.31	13.440692278036755
854.35	12.92854864587266
854.39	12.380966040159837
854.43	11.862003882008826
854.47	11.426996526483352
854.51	11.096876849196311
854.55	10.865618575619555
854.59	10.717290370330563
854.63	10.636294287814632
854.67	10.611309769830786
854.71	10.634913257357251
854.75	10.699052679707545
854.79	10.792135449581167
854.83	10.904120468202747
854.87	11.035131323061773
854.91	11.195529350905819
854.95	11.393120623746743
854.99	11.617117087294938
855.03	11.833273366801128
855.08	11.996225903896558
855.12	12.070736781836995
855.16	12.04594671167478
855.2	11.933719977483019
855.24	11.756707513043965
855.28	11.538308145545669
855.32	11.298656613675925
855.36	11.049099452353062
855.4	10.78034830608679
855.44	10.457196864070571
855.48	10.039387825297412
855.52	9.522879371348878
855.56	8.961831099365606
855.6	8.438915526250868
855.64	8.005599762812226
855.68	7.6521242940403145
855.72	7.335502141060103
855.76	7.029187331236757
855.8	6.741910444528187
855.84	6.498008377567872
855.88	6.3113878341987215
855.92	6.17808884223682
855.97	6.084601980540831
856.01	6.017632082002232
856.05	5.967991911747782
856.09	5.929922967158406
856.13	5.899157551287244
856.17	5.871568683695015
856.21	5.842900950754528
856.25	5.809184167671943
856.29	5.767130913374372
856.33	5.7143059580314635
856.37	5.649421438080073
856.41	5.573065832934113
856.45	5.488395203059263
856.49	5.400550770839917
856.53	5.314281112034864
856.57	5.231188734287546
856.61	5.1485596485536425
856.65	5.060157234192525
856.69	4.958458405066385
856.73	4.838214061733748
856.77	4.700020561761502
856.82	4.550671457313775
856.86	4.3990846086849515
856.9	4.2514045286035484
856.94	4.109818105202057
856.98	3.975191252646324
857.02	3.8493201157538715
857.06	3.733308310488017
857.1	3.62391227535503
857.14	3.513678229992726
857.18	3.3968989283678055
857.22	3.2753278260093657
857.26	3.156911811996797
857.3	3.0490695593153525
857.34	2.9533867982707407
857.38	2.8655211370675566
857.42	2.7792028935377795
857.46	2.6909935004646344
857.5	2.602205652973283
857.54	2.516856859710202
857.58	2.438535782348938
857.62	2.3693158896221456
857.66	2.3100877388797287
857.71	2.260042340999006
857.75	2.2156059294969777
857.79	2.1711723004947725
857.83	2.1221212224565007
857.87	2.06758751681747
857.91	2.0105353279753104
857.95	1.9555897700480622
857.99	1.906850222160612
858.03	1.8667924584262259
858.07	1.8357477875834323
858.11	1.811719189131554
858.15	1.7912307507590295
858.19	1.7712523062173715
858.23	1.7507775605029383
858.27	1.7306424635456246
858.31	1.7118193996132574
858.35	1.693945804309016
858.39	1.6756509739237013
858.43	1.6563672592591068
858.47	1.6376908967503028
858.51	1.6227958248675083
858.55	1.614307025492655
858.6	1.6123719498307565
858.64	1.6143830315046546
858.68	1.616435416702018
858.72	1.615359889011893
858.76	1.609963915710515
858.8	1.6009364155174632
858.84	1.5899310279895142
858.88	1.5787463408270692
858.92	1.568945978292949
858.96	1.5614907508728937
859	1.5561735867522117
859.04	1.5515454771413006
859.08	1.5459491351652788
859.12	1.538906248192731
859.16	1.5313301832587143
859.2	1.5242564867925048
859.24	1.5174931152005013
859.28	1.5094783955006172
859.32	1.4980938080860156
859.36	1.4814752600454666
859.4	1.4586557422313606
859.45	1.4304496909480728
859.49	1.4000379183483187
859.53	1.3718075018724631
859.57	1.3483947296980645
859.61	1.3282163103113294
859.65	1.3058226086368272
859.69	1.2751566685622207
859.73	1.2336629312846763
859.77	1.1843846479815276
859.81	1.1342000173316387
859.85	1.0892862022014251
859.89	1.0514736146236512
859.93	1.0183271930936741
859.97	0.9862432830327874
860.01	0.9534048294090132
860.05	0.9203739181962157
860.09	0.888855048181699
860.13	0.8604211358657957
860.17	0.8359122728243364
860.21	0.8151738361222661
860.25	0.7970721334679565
860.29	0.779888345527375
860.34	0.7617593589233008
860.38	0.7410148186323637
860.42	0.716777336454686
860.46	0.6896975961143123
860.5	0.6619247509449175
860.54	0.6360060202301356
860.58	0.6136262514942001
860.62	0.5951800599975358
860.66	0.5802499540382289
860.7	0.5682671705380725
860.74	0.5585451167282238
860.78	0.5496739270411809
860.82	0.5393060569590665
860.86	0.5253105887790487
860.9	0.5077450825007486
860.94	0.4895610110413378
860.98	0.47465435126696054
861.02	0.4648495063323929
861.06	0.45904871430877164
861.1	0.4552989963353773
861.14	0.4529759356422115
861.18	0.4525506689858653
861.23	0.45380164972206694
861.27	0.45508069882215463
861.31	0.45456146612661835
861.35	0.4519524323738785
861.39	0.44887717491338813
861.43	0.4478809233546657
861.47	0.45123149665147305
861.51	0.46003179215549955
861.55	0.4734244328258844
861.59	0.488374448368158
861.63	0.5010090061374373
861.67	0.5089858325093475
861.71	0.5127395154661046
861.75	0.51444516532102
861.79	0.5159630256477923
861.83	0.517773450392718
861.87	0.5195562677667948
861.91	0.5214047239357038
861.95	0.5241347099614106
861.99	0.5282244563653654
862.03	0.5325910110141103
862.08	0.534685719917895
862.12	0.5319707649257808
862.16	0.5235904818499761
862.2	0.5111346996364322
862.24	0.49813907466599183
862.28	0.488583746158244
862.32	0.48506272202434764
862.36	0.4875767332491032
862.4	0.49379363310074104
862.44	0.5007061347088252
862.48	0.5063774772011931
862.52	0.510346218821638
862.56	0.5126232534950196
862.6	0.5126004612040526
862.64	0.5092021051020654
862.68	0.5022549907182745
862.72	0.4936240401011749
862.76	0.4867070288125618
862.8	0.4844554645847128
862.84	0.4875458136385364
862.88	0.4942690437134901
862.92	0.50218294703716
862.97	0.509933989492274
863.01	0.5176029080132037
863.05	0.5255781605408018
863.09	0.5334132801994744
863.13	0.5398068482305594
863.17	0.5434179630176333
863.21	0.5435629656121674
863.25	0.5404904409622292
863.29	0.5355349567003392
863.33	0.5310358874811547
863.37	0.5295083862426527
863.41	0.5322886950176073
863.45	0.5388080589161032
863.49	0.5472525511380831
863.53	0.5560582923611777
863.57	0.5650184493700247
863.61	0.5751167402635354
863.65	0.5871296046371939
863.69	0.6002456026672538
863.73	0.6122366027438891
863.77	0.6210884289382383
863.82	0.6263236907074472
863.86	0.6288760098411093
863.9	0.6301670405135268
863.94	0.6314962010898044
863.98	0.6339449706345509
864.02	0.6382758234163142
864.06	0.644470638302406
864.1	0.6512301313528892
864.14	0.6562124400727152
864.18	0.6573919423883607
864.22	0.6547583131418071
864.26	0.6508377092710256
864.3	0.6493722396148509
864.34	0.6532260589744777
864.38	0.6631463466556856
864.42	0.6779249251882433
864.46	0.6953839509039553
864.5	0.7134240730590182
864.54	0.7306192329267764
864.58	0.7462289259495472
864.62	0.7599759747896183
864.66	0.7718716423213217
864.71	0.7819566742145149
864.75	0.7901809269292481
864.79	0.7971214474984891
864.83	0.8051704267390852
864.87	0.8182994040174725
864.91	0.839437556229259
864.95	0.867574729276447
864.99	0.8978194090605252
865.03	0.9248101127875238
865.07	0.9465234388213317
865.11	0.9654703874998232
865.15	0.9866807766988462
865.19	1.0139865029765986
865.23	1.0471908322929697
865.27	1.0825106143973755
865.31	1.1162023230442786
865.35	1.1479081996612606
865.39	1.180112872084544
865.43	1.2142847095482892
865.47	1.2481412252750572
865.51	1.2772863929618312
865.55	1.299489925227365
865.6	1.3169495125626456
865.64	1.3343775942705913
865.68	1.3553911779068377
865.72	1.380743533375517
865.76	1.4088997617945485
865.8	1.4371328999083088
865.84	1.462337359613075
865.88	1.4823154048532137
865.92	1.4974908445841462
865.96	1.511346009710154
866	1.5285206107628135
866.04	1.552145939295357
866.08	1.5828465835468122
866.12	1.6194724227187034
866.16	1.6597206913834766
866.2	1.700245581651019
866.24	1.7376596534204354
866.28	1.7706143742078848
866.32	1.801001209374082
866.36	1.8326324093237298
866.4	1.8680299632316553
866.45	1.9058580092412973
866.49	1.941492639938028
866.53	1.9706221738890894
866.57	1.9926894449208805
866.61	2.011057446288273
866.65	2.030031951697261
866.69	2.0515803813415774
866.73	2.074332209830295
866.77	2.0950780918348335
866.81	2.110975056506572
866.85	2.120910833129769
866.89	2.1260464752080024
866.93	2.1298611056633927
866.97	2.1371192739381177
867.01	2.1514448174195753
867.05	2.172827965857389
867.09	2.1971465971967192
867.13	2.218429550064519
867.17	2.2323063610709952
867.21	2.2379877267100667
867.25	2.237342476865327
867.29	2.2323282139572993
867.34	2.2237293808604877
867.38	2.2126168715926253
867.42	2.202215528587664
867.46	2.1967149072392385
867.5	2.1974432244385835
867.54	2.200932499885333
867.58	2.20164840155582
867.62	2.196536526961713
867.66	2.186675642405836
867.7	2.1752619073668624
867.74	2.1648903812758107
867.78	2.1564009256489904
867.82	2.1491643246736793
867.86	2.1420038527148733
867.9	2.13425927851805
867.94	2.126384648750087
867.98	2.1195788071771178
868.02	2.1148370709672935
868.06	2.112393467179944
868.1	2.111923154169429
868.14	2.1129498163951306
868.18	2.114870184160256
868.23	2.116774150943005
868.27	2.1176972085474843
868.31	2.1173879093993704
868.35	2.1168157591298136
868.39	2.117774643177933
868.43	2.121917716816378
868.47	2.1300371422683817
868.51	2.1419313073352773
868.55	2.1565283690702435
868.59	2.171854441915727
868.63	2.1851403026623233
868.67	2.193835033848354
868.71	2.1973104750725176
868.75	2.197647689695307
868.79	2.198422975980968
868.83	2.202597490930744
868.87	2.211627134000805
868.91	2.2263197859523514
868.95	2.247758376536332
868.99	2.2767495893390652
869.03	2.312631053323867
869.08	2.353333909596443
869.12	2.396648421697959
869.16	2.4409556142832187
869.2	2.485033159921844
869.24	2.528154374022536
869.28	2.5705965886892206
869.32	2.6134335833474367
869.36	2.657874949363652
869.4	2.705531198516269
869.44	2.759218847182079
869.48	2.8225952069004636
869.52	2.898618110937128
869.56	2.988471309349623
869.6	3.091728282213008
869.64	3.2071583014341596
869.68	3.3337091409698356
869.72	3.4719773718925726
869.76	3.626183043963294
869.8	3.8052993949746474
869.84	4.0213538688172195
869.88	4.284240178657824
869.92	4.5956238717771445
869.97	4.948391591792553
870.01	5.336334000997673
870.05	5.765732442166647
870.09	6.250341125163934
870.13	6.787440568656739
870.17	7.342293149073453
870.21	7.867342479495536
870.25	8.343761803674921
870.29	8.802794067543413
870.33	9.300452439871073
870.37	9.865026850071466
870.41	10.463958800446349
870.45	11.020018722235362
870.49	11.464287084296132
870.53	11.78009522177286
870.57	11.999066314106283
870.61	12.15894437812733
870.65	12.270715726496785
870.69	12.323125240907633
870.73	12.306887603277623
870.77	12.226601952709519
870.82	12.09009101558822
870.86	11.891191527115351
870.9	11.610883026897925
870.94	11.24380487425196
870.98	10.824582177694232
871.02	10.420169762039244
871.06	10.088709618933107
871.1	9.842928095390901
871.14	9.65221318486967
871.18	9.479049432105338
871.22	9.313981382847413
871.26	9.17965831940648
871.3	9.10842519627048
871.34	9.118453724774433
871.38	9.204565445089298
871.42	9.34518236627621
871.46	9.51965083451097
871.5	9.722521673303051
871.54	9.960291036841808
871.58	10.23380730307261
871.62	10.52702352188146
871.66	10.814629395036397
871.71	11.078530234363022
871.75	11.314552335412415
871.79	11.5231611729252
871.83	11.696032649297074
871.87	11.814270328598209
871.91	11.859628212106532
871.95	11.825844637880591
871.99	11.719759431395545
872.03	11.553962450741258
872.07	11.339097039532604
872.11	11.08182012367632
872.15	10.788917541833072
872.19	10.472539131207288
872.23	10.148684926263398
872.27	9.826350561311168
872.31	9.497618548362277
872.35	9.143461334543224
872.39	8.754324660199666
872.43	8.345612902812247
872.47	7.950502467423398
872.51	7.595050889807101
872.55	7.280091737139019
872.6	6.98813108491865
872.64	6.705420898948776
872.68	6.4340584937101974
872.72	6.1850135037969975
872.76	5.964855631093296
872.8	5.770135983608096
872.84	5.5914893216811565
872.88	5.421451249388722
872.92	5.259150528466609
872.96	5.109207850926985
873	4.977522286434527
873.04	4.867635307676938
873.08	4.778646370665039
873.12	4.7047041089050055
873.16	4.6370556224675195
873.2	4.568444541100214
873.24	4.496685843366482
873.28	4.424166104900021
873.32	4.354047038581811
873.36	4.287258947480878
873.4	4.2228609536983654
873.45	4.160384473916961
873.49	4.101206044941367
873.53	4.047750491674684
873.57	4.0016541870549895
873.61	3.962616255929341
873.65	3.9287013196566076
873.69	3.897688119980978
873.73	3.8684502918651265
873.77	3.8413806904772443
873.81	3.8174759645235836
873.85	3.7966769851982445
873.89	3.7767916764335445
873.93	3.7540842611384
873.97	3.7253112487080093
874.01	3.689592169501811
874.05	3.6485420560322734
874.09	3.604830106362317
874.13	3.560864785020814
874.17	3.518800513809444
874.21	3.4811434604744442
874.25	3.450304162561601
874.29	3.42685926834822
874.34	3.408309987333379
874.38	3.389945744204246
874.42	3.367221960361824
874.46	3.337649244013668
874.5	3.3010324034299017
874.54	3.2586982186824547
874.58	3.21302132984699
874.62	3.167555372367442
874.66	3.126832742035112
874.7	3.095024146018531
874.74	3.073987885980964
874.78	3.062140680668179
874.82	3.055138468750955
874.86	3.048179281675827
874.9	3.0385813943708286
874.94	3.0267795288712263
874.98	3.0149022576153643
875.02	3.0042383625412814
875.06	2.99394930250133
875.1	2.9820926277883872
875.14	2.967797348486533
875.18	2.952419295270461
875.23	2.938549528709794
875.27	2.9278991709786157
875.31	2.9201148423529677
875.35	2.913373057124787
875.39	2.9057832096569847
875.43	2.8962946056728787
875.47	2.884866363665118
875.51	2.872460723556277
875.55	2.860974892530055
875.59	2.8525324704612567
875.63	2.8481316674400046
875.67	2.846704227590912
875.71	2.8452147451729664
875.75	2.8392902599416625
875.79	2.8242578670831957
875.83	2.797380843740653
875.87	2.760704603284929
875.91	2.7215729106021644
875.95	2.6890185387488375
875.99	2.668644310082236
876.03	2.660450836214722
876.08	2.660722136635628
876.12	2.665093889798987
876.16	2.6700226709568504
876.2	2.672824274344881
876.24	2.671903300132666
876.28	2.667402487179247
876.32	2.6610202813588226
876.36	2.6545310026341356
876.4	2.648273970307534
876.44	2.6410128602156244
876.48	2.6311204083415496
876.52	2.6180784541119064
876.56	2.603532222631072
876.6	2.591381855525117
876.64	2.5863412014362037
876.68	2.591210948773264
876.72	2.604528445545902
876.76	2.6204791230645523
876.8	2.631526802479446
876.84	2.632357225882671
876.88	2.622728509270778
876.92	2.6073699661275866
876.97	2.592939910830785
877.01	2.584080986642152
877.05	2.581273773384958
877.09	2.581678102003586
877.13	2.5817194824456076
877.17	2.579280752919976
877.21	2.574435841682622
877.25	2.568837153105069
877.29	2.5642696283814175
877.33	2.561278255167491
877.37	2.5589511147572876
877.41	2.5559336391612018
877.45	2.5514882825080125
877.49	2.545709572192382
877.53	2.5392670329332243
877.57	2.5332784691315435
877.61	2.5291937112812124
877.65	2.528379406633832
877.69	2.5314938337758086
877.73	2.5379615090977863
877.77	2.545953519214944
877.82	2.553178898347386
877.86	2.5580362118732913
877.9	2.5601152398350715
877.94	2.5598392789601156
877.98	2.5580456931900413
878.02	2.555910808660585
878.06	2.5548250501611185
878.1	2.555992069422091
878.14	2.5599515712449707
878.18	2.5662041699642195
878.22	2.5731494635615317
878.26	2.5786077223834503
878.3	2.580794287592324
878.34	2.5792131735357757
878.38	2.57505436442955
878.42	2.570881046622464
878.46	2.569561886774432
878.5	2.5730604024600234
878.54	2.582217426813694
878.58	2.5976664343686156
878.62	2.6202216132116027
878.66	2.6492953363948093
878.71	2.680804732287144
878.75	2.7078923259813643
878.79	2.725188952225296
878.83	2.7328905308756326
878.87	2.7364137345924306
878.91	2.7417949123973036
878.95	2.7511929755082303
878.99	2.7623499879454902
879.03	2.7716468107610637
879.07	2.7772222422124666
879.11	2.7795742965765387
879.15	2.780195815129047
879.19	2.7801092556683797
879.23	2.7786829945890426
879.27	2.7709774265518234
879.31	2.7415839927013845
879.35	2.6570962770476365
879.39	2.468142228759107
879.43	2.1343859074014695
879.47	1.6654622016468486